31.3987, 24.9653, 28.7758, 28.0515, 29.2066, 27.7721, 37.1089, 28.8364, 30.3375, 32.244, 37.5035, 26.5441, 36.0212, 28.4489, 36.3764, 29.9429, 38.1711, 28.0999, 30.2058, 32.966, 38.7074, 32.1641, 38.023, 39.0665, 32.1428, 36.4759, 31.9306, 30.5072, 33.0331, 35.117, 30.748, 37.887, 31.35, 35.4752, 38.285, 38.033, 41.6004, 32.7202, 43.2126, 40.1186, 44.5204, 41.8285, 38.7962, 40.0053, 35.3026, 38.6383, 38.795, 46.2453, 37.346, 40.4335, 35.7605, 38.2306, 42.7972, 45.1616, 46.5, 47.8927, 39.6977, 47.7654, 46.5461, 
31.8423, 33.3021, 32.3712, 30.4253, 31.1032, 27.9209, 28.0685, 31.6294, 30.8263, 31.6236, 31.6596, 28.9334, 28.4097, 30.999, 32.7143, 31.1408, 34.8166, 31.4493, 38.534, 36.0718, 39.5278, 37.4857, 38.5054, 36.7237, 41.7028, 38.9689, 34.8491, 32.8099, 41.126, 33.7559, 36.3514, 33.0182, 32.937, 38.9925, 38.0194, 39.337, 44.1277, 37.2854, 39.6778, 34.8823, 39.1971, 38.6173, 42.2168, 38.776, 45.8156, 35.7799, 38.4099, 44.949, 39.094, 46.217, 45.3056, 40.7793, 43.6028, 42.1233, 38.6905, 42.7685, 39.8767, 45.9186, 41.1792, 
30.2515, 28.6556, 36.289, 26.3907, 35.7298, 35.9366, 36.1815, 27.9742, 28.5137, 33.1142, 29.3176, 32.0442, 32.9692, 28.5075, 29.2677, 32.7244, 28.3996, 36.7392, 32.2871, 35.1907, 35.4984, 37.4741, 40.326, 36.2792, 37.6541, 32.5134, 41.6646, 35.9484, 38.3093, 43.6869, 36.7905, 33.3523, 44.1691, 44.3983, 34.6876, 39.4783, 34.8033, 40.2907, 34.9513, 36.0383, 45.3628, 39.1979, 41.2338, 44.9372, 37.8962, 41.6066, 37.2036, 45.4698, 36.9451, 44.4959, 42.7153, 47.9713, 48.4778, 45.3876, 49.0176, 49.043, 45.3036, 39.4619, 46.9561, 
28.1599, 24.2887, 25.8051, 34.9801, 25.1347, 26.7568, 27.3727, 36.4123, 36.1388, 27.7068, 32.488, 29.0913, 35.0191, 37.6617, 38.9191, 33.9834, 30.377, 38.9289, 33.2863, 31.8917, 35.2023, 36.0958, 33.6072, 35.8679, 31.6366, 36.8904, 39.9256, 42.284, 35.0377, 35.9753, 36.2941, 32.4061, 42.6208, 32.1441, 36.9628, 33.879, 43.0449, 43.1852, 43.2838, 40.9377, 40.6858, 40.5853, 36.5493, 43.4101, 42.3284, 45.0991, 41.7388, 35.5322, 44.2607, 40.6304, 38.4283, 38.0402, 39.6954, 43.7154, 42.6318, 40.6647, 48.4025, 46.2154, 39.5707, 
32.4244, 27.8671, 26.9347, 34.6701, 36.8598, 33.8218, 29.6387, 25.8155, 34.3915, 36.803, 26.9604, 31.2711, 32.4836, 34.3538, 32.6433, 32.7952, 34.9383, 29.456, 36.6924, 33.4479, 35.1411, 40.266, 31.8118, 39.9387, 40.4465, 40.4979, 31.3181, 34.464, 31.8126, 33.8859, 33.7691, 34.188, 33.546, 38.9841, 39.9811, 41.696, 40.8359, 43.3476, 41.5864, 32.6978, 40.0943, 40.2708, 38.6587, 37.0113, 38.2539, 38.667, 41.6678, 37.9471, 35.2142, 38.9392, 43.0888, 46.9445, 36.074, 45.9129, 46.2889, 42.4874, 37.351, 39.49, 40.7561, 
35.6912, 33.701, 32.233, 35.7342, 32.7592, 36.0698, 35.5339, 26.6311, 27.1744, 31.7971, 30.7375, 28.4921, 32.0661, 36.3311, 29.6023, 30.2763, 37.9305, 31.584, 39.6758, 35.179, 35.8934, 36.029, 36.002, 32.6884, 30.8433, 36.7226, 34.1996, 39.5759, 40.2991, 36.3201, 35.1436, 32.7044, 32.7596, 40.9869, 38.6747, 35.7537, 42.0597, 37.7087, 40.976, 38.3483, 38.4583, 39.5917, 44.5658, 33.7602, 33.6406, 43.104, 43.6899, 34.16, 36.4578, 36.0082, 38.1217, 36.7297, 35.7692, 44.3307, 38.1539, 40.2806, 36.3232, 44.2678, 41.5968, 
29.4393, 34.0155, 25.0317, 33.528, 24.9871, 27.837, 36.5466, 36.6776, 33.3098, 26.5404, 27.5141, 36.8271, 34.3582, 28.5865, 37.1974, 34.8548, 36.4987, 30.0073, 32.1477, 32.5218, 35.3956, 34.9593, 32.4768, 34.2004, 34.3909, 38.1912, 33.5906, 36.4974, 41.0361, 30.9456, 38.125, 36.237, 32.6198, 39.6909, 37.5136, 33.1047, 33.969, 44.6429, 41.3404, 33.3518, 35.645, 40.1639, 42.033, 42.8966, 40.2011, 35.8719, 37.1145, 44.1907, 36.8345, 43.9474, 44.713, 41.4491, 47.6899, 44.0029, 42.0026, 48.2771, 46.1509, 43.1998, 39.0435, 
27.2778, 29.8113, 27.1318, 24.7666, 35.9647, 33.2965, 33.4248, 28.5974, 30.3351, 31.2874, 31.9445, 35.6362, 29.1589, 28.2079, 37.7905, 29.7823, 35.2679, 37.6611, 34.1102, 31.846, 33.3598, 30.3534, 39.5751, 30.9881, 34.7353, 42.0485, 32.7066, 32.754, 36.9823, 31.2923, 37.26, 33.0529, 37.3615, 33.2891, 41.144, 34.2753, 40.1053, 43.2437, 41.0522, 45.2657, 39.9565, 43.1856, 41.712, 36.9456, 42.4863, 38.78, 37.2036, 35.9647, 43.3561, 38.8181, 43.9101, 39.3856, 39.0952, 48.455, 44.0903, 41.0704, 39.6853, 44.9884, 42.0044, 
24.9629, 25.8042, 35.4317, 30.5089, 30.8281, 31.3033, 28.9987, 26.2957, 37.861, 30.8825, 32.9114, 33.2148, 29.7634, 31.9595, 35.0306, 39.2985, 37.1798, 36.5934, 29.9821, 40.2048, 32.248, 40.454, 35.7918, 32.9316, 33.1925, 39.4272, 39.4743, 42.1764, 38.7841, 41.2251, 35.9001, 35.3182, 32.2017, 37.2572, 41.4936, 33.2426, 35.1166, 40.4223, 42.524, 44.3638, 42.4143, 35.7788, 36.2996, 44.8221, 46.9924, 46.0238, 40.8002, 41.3438, 45.2243, 38.4021, 38.5252, 42.6518, 39.9947, 43.4411, 42.9535, 48.1042, 40.1929, 43.6691, 48.8327, 
25.691, 33.3709, 27.1828, 35.2622, 25.9799, 29.8029, 35.3159, 32.2472, 31.83, 37.2008, 30.2565, 26.6136, 37.1233, 31.2693, 38.362, 36.7616, 37.1962, 36.8399, 30.8332, 30.0534, 35.8157, 30.2305, 37.6387, 33.7949, 38.6424, 38.5806, 31.5159, 33.4933, 35.0568, 33.4229, 32.161, 40.8284, 36.419, 40.0272, 32.3955, 33.8878, 40.2681, 35.7221, 39.9814, 43.7978, 36.6652, 34.6545, 41.4373, 42.1716, 34.4867, 40.495, 37.1326, 35.8737, 43.3707, 35.9215, 38.2407, 35.5493, 37.2615, 39.342, 42.4691, 39.6936, 39.8102, 36.7064, 47.602, 
31.095, 25.7183, 32.7918, 35.6996, 34.3013, 28.4737, 26.5191, 33.0348, 26.4679, 32.9994, 34.1489, 35.1787, 33.4969, 36.3077, 39.0352, 30.5257, 28.1664, 35.4412, 33.1814, 39.5194, 37.9871, 36.3101, 40.3647, 40.7772, 31.4136, 41.5934, 33.6149, 33.6411, 32.5186, 39.1265, 31.7088, 32.9728, 41.8446, 42.3056, 39.636, 38.6865, 45.0843, 35.4684, 45.4922, 40.5561, 36.2601, 44.2388, 39.5804, 40.6249, 36.2279, 39.4041, 39.5566, 45.4634, 45.2105, 38.7039, 39.2585, 46.7003, 42.5461, 42.9057, 45.5542, 38.3326, 44.5585, 50.2142, 48.654, 
34.3622, 27.1068, 25.2088, 30.0992, 36.0317, 29.542, 31.7275, 34.4601, 37.1769, 31.7029, 37.4628, 31.3253, 38.0778, 30.9719, 37.5592, 31.2733, 37.0156, 32.6973, 33.4392, 31.7798, 30.3118, 39.5534, 36.1439, 32.7719, 33.3515, 38.1071, 29.9292, 39.043, 32.7229, 35.6028, 37.8848, 33.363, 38.3103, 37.5503, 40.2664, 42.4923, 37.1751, 43.1976, 43.7339, 39.2653, 42.1209, 33.6897, 40.1529, 43.6236, 36.7854, 42.0456, 44.8601, 45.429, 34.2198, 39.0834, 37.2724, 39.7377, 38.757, 37.2856, 41.8775, 38.0284, 43.9107, 38.4414, 40.1264, 
33.8059, 34.7596, 33.8189, 31.3703, 35.8644, 33.6325, 29.4165, 37.2174, 27.6463, 35.8945, 28.3552, 30.4921, 35.0868, 38.1755, 28.0147, 27.1686, 28.0376, 35.4859, 34.8621, 39.3668, 38.0177, 36.4707, 32.2268, 35.1551, 39.654, 29.5228, 35.3367, 33.6498, 39.9021, 35.4978, 30.9373, 40.9889, 30.9786, 39.8426, 38.0169, 32.1054, 34.5056, 36.1453, 38.8235, 32.8332, 37.1936, 34.0818, 40.7657, 37.994, 33.5275, 35.1382, 42.446, 36.5786, 35.9507, 45.6795, 44.0925, 36.1107, 39.3849, 46.5171, 44.0997, 44.4446, 41.2366, 36.67, 41.6091, 
35.3658, 25.4839, 31.5284, 28.9865, 34.3913, 34.8206, 37.1329, 26.5111, 35.3009, 35.403, 35.0674, 37.9181, 29.8463, 33.8361, 29.847, 30.818, 33.3445, 31.1797, 39.708, 36.6664, 35.8758, 38.4911, 33.4345, 40.9596, 38.3968, 42.1902, 41.7851, 35.5207, 35.7605, 32.4343, 43.7887, 36.2159, 43.2886, 33.2066, 40.4265, 43.914, 40.9193, 42.7477, 36.3027, 40.8147, 39.8725, 39.6253, 40.9837, 36.063, 37.562, 47.3014, 39.2464, 48.2103, 41.629, 39.4752, 41.9165, 38.4426, 49.1552, 40.0426, 46.1958, 43.1266, 41.5997, 43.5265, 41.2354, 
25.0866, 33.6042, 27.7344, 36.812, 26.7692, 29.2883, 31.4316, 33.5368, 31.8486, 27.342, 31.3251, 29.1236, 37.752, 31.0719, 36.7494, 28.0564, 35.8491, 33.8484, 38.8098, 29.0564, 35.6494, 32.2492, 38.6362, 38.094, 33.2749, 37.9128, 31.3777, 33.6757, 38.9015, 32.821, 39.5781, 36.6843, 43.2105, 35.3478, 42.882, 33.9724, 37.5428, 41.299, 42.1035, 40.3543, 40.0002, 43.3793, 44.4449, 36.157, 37.6192, 37.7106, 39.4305, 40.9199, 37.5259, 40.3373, 41.1443, 48.3568, 40.9312, 46.4104, 49.7314, 47.0844, 48.6435, 39.2195, 43.8585, 
32.4012, 34.5121, 28.8378, 33.4046, 26.9644, 29.2071, 34.1624, 29.3236, 33.5701, 26.9176, 29.2003, 36.1302, 30.2, 38.0071, 35.6305, 29.0294, 36.6992, 40.2198, 38.462, 39.5571, 40.8879, 33.3897, 33.9913, 37.2776, 36.0959, 36.6402, 33.6926, 39.9478, 35.1252, 35.9684, 36.4535, 41.8884, 39.9547, 40.5298, 35.7068, 42.2173, 36.7615, 38.919, 37.7777, 39.4512, 43.7018, 37.8267, 37.6645, 45.498, 40.3585, 46.5711, 36.8678, 45.7098, 46.9679, 45.4818, 37.4566, 42.2507, 37.9349, 42.3033, 48.8509, 47.291, 41.9752, 50.0243, 41.5126, 
26.2907, 24.5427, 35.2732, 29.6004, 27.9254, 36.0729, 26.0404, 35.11, 37.747, 37.2857, 35.4918, 38.297, 35.1139, 33.7298, 29.5949, 30.969, 32.5292, 30.1346, 29.8892, 39.8643, 30.6768, 40.4595, 36.7131, 39.6031, 40.415, 41.466, 37.6244, 31.208, 41.2433, 32.6386, 33.7061, 42.9042, 40.5715, 34.364, 34.4977, 32.5183, 43.1379, 42.7975, 38.4723, 37.7992, 34.742, 38.0543, 46.0637, 36.5564, 42.3345, 40.0886, 37.9355, 43.4449, 37.7019, 44.1675, 37.6905, 37.6515, 47.6163, 46.9035, 47.3185, 43.7406, 45.1569, 42.8827, 46.7807, 
30.098, 25.3814, 24.496, 36.5562, 27.488, 32.3672, 36.3834, 37.4931, 36.3818, 36.7034, 30.205, 34.1713, 29.2314, 30.1079, 32.833, 30.143, 37.6901, 37.3713, 37.824, 39.5028, 29.1619, 36.9663, 40.5268, 37.2178, 33.251, 34.4477, 35.9889, 33.1025, 41.6733, 33.3105, 35.6813, 41.184, 41.4957, 39.0569, 32.7388, 35.0849, 42.1943, 33.6754, 43.9274, 34.1964, 35.2389, 44.2449, 37.701, 38.2374, 35.4861, 38.3034, 45.033, 39.2066, 46.8282, 46.4613, 45.7793, 44.9218, 41.2113, 40.3333, 47.5935, 42.3216, 46.1667, 38.4624, 46.4159, 
26.3572, 33.8344, 25.0056, 26.7152, 34.3217, 36.284, 30.3474, 28.5219, 30.4632, 28.5734, 28.953, 34.712, 34.2319, 27.7779, 38.1341, 34.4141, 33.2642, 31.4379, 33.5027, 33.6535, 36.4255, 34.4207, 32.2456, 41.6738, 32.1113, 41.205, 33.7198, 40.0825, 34.19, 31.8379, 38.8472, 40.4779, 42.9841, 38.3757, 38.8901, 41.4183, 43.5047, 37.3786, 38.6531, 38.5311, 36.7977, 43.8809, 40.7921, 43.0078, 46.1206, 40.2207, 44.2468, 45.6961, 45.6802, 40.915, 43.6375, 38.4651, 42.4387, 47.2932, 46.5458, 42.0784, 42.1246, 48.6845, 47.387, 
33.3222, 29.5011, 25.4313, 36.3573, 29.6994, 35.817, 32.9363, 36.3042, 37.8753, 33.5941, 33.9937, 30.3275, 34.7108, 34.2747, 29.8171, 34.5089, 39.136, 38.2577, 34.1652, 40.928, 41.0262, 39.1869, 37.9073, 35.2212, 34.2669, 40.5836, 32.8369, 40.9529, 41.5663, 37.0552, 33.4452, 37.7616, 36.6362, 38.6821, 41.3666, 39.4326, 36.362, 42.6861, 35.6102, 34.4654, 39.9532, 43.009, 41.5942, 39.1876, 39.5597, 42.0786, 37.1896, 38.1805, 44.0763, 47.0829, 37.5952, 38.0055, 39.7954, 39.1023, 45.0495, 45.0886, 46.2197, 41.8202, 48.7685, 
25.8974, 30.3572, 26.7253, 31.9482, 31.5096, 25.3241, 32.7738, 33.0046, 29.6269, 29.8805, 37.0871, 29.2395, 27.5392, 32.8076, 35.3457, 33.2183, 30.8467, 37.8286, 33.0274, 32.7207, 33.4903, 40.8691, 30.8909, 29.7782, 34.5049, 35.4544, 34.3597, 32.074, 41.2569, 34.5786, 37.5482, 36.1887, 36.9847, 43.2438, 34.9508, 36.1548, 40.8654, 42.2105, 35.5956, 36.6436, 33.8607, 37.4821, 36.4255, 44.0834, 35.0005, 43.5379, 38.0046, 39.0922, 41.1904, 42.8057, 47.2735, 35.8929, 42.9993, 42.0785, 42.1655, 39.5644, 46.1136, 39.7445, 47.3587, 
27.9149, 31.2197, 25.4599, 31.441, 28.1805, 35.8317, 34.2307, 34.7097, 31.8268, 36.2504, 33.6007, 36.2327, 33.1625, 33.5251, 38.4085, 27.786, 38.2295, 35.3426, 38.4068, 31.7514, 35.0484, 38.4923, 34.3274, 30.5224, 32.4229, 34.2892, 41.16, 30.3691, 32.303, 32.8249, 34.9589, 42.031, 35.355, 35.7239, 42.0912, 43.0975, 41.0125, 37.5009, 34.3859, 41.3779, 33.3503, 33.3386, 33.6597, 39.5846, 34.3911, 41.1723, 40.9418, 44.6002, 35.6908, 43.7073, 37.4511, 41.9849, 46.2375, 38.7559, 45.6682, 42.8943, 43.4515, 43.3451, 40.2984, 
34.5495, 33.309, 26.7687, 26.6453, 32.0731, 29.5723, 27.9954, 34.1569, 27.4287, 35.1869, 27.5935, 30.8282, 32.1693, 28.2873, 34.7375, 32.0545, 33.7914, 35.5775, 31.8131, 29.5334, 30.0625, 30.8571, 33.6655, 31.6138, 35.8273, 36.4401, 31.5274, 40.4926, 38.5996, 41.2806, 41.596, 40.3437, 41.7042, 41.522, 39.0436, 40.3685, 38.9061, 33.8755, 45.5626, 42.2881, 35.2249, 38.9198, 42.9272, 36.4377, 42.1042, 44.8891, 40.8449, 40.3755, 41.3049, 45.3098, 43.7725, 43.5092, 38.2186, 49.0177, 40.4141, 40.1096, 42.5406, 43.3859, 49.3608, 
35.1132, 27.1904, 32.3818, 35.2564, 28.9799, 30.1395, 33.341, 28.367, 33.5965, 28.3666, 26.4251, 25.864, 25.9907, 26.2331, 29.7679, 30.1098, 27.3303, 25.8835, 26.5055, 32.7351, 29.0269, 27.8246, 24.7139, 34.8752, 29.7947, 35.5663, 32.9517, 41.1319, 44.4593, 37.9397, 43.838, 34.8279, 42.4491, 39.8268, 34.743, 35.7742, 36.0166, 40.9744, 40.1797, 45.3021, 37.2016, 35.3739, 41.9886, 39.9425, 43.4215, 39.1702, 44.7604, 33.3542, 33.6818, 37.3492, 44.752, 44.7395, 40.7702, 39.4049, 44.8878, 37.2934, 36.5857, 33.7802, 36.5053, 
33.6538, 30.231, 35.9104, 33.0079, 28.2796, 25.9408, 30.4197, 30.5101, 26.0542, 33.0288, 33.9807, 35.624, 29.436, 33.1059, 32.5294, 27.4886, 31.4476, 33.1724, 28.8098, 28.9266, 32.9121, 43.3228, 41.8815, 34.5243, 34.406, 38.3856, 41.9593, 43.9185, 44.9551, 36.6563, 36.476, 35.6252, 37.5762, 41.8404, 39.9374, 39.6701, 44.5056, 41.5352, 35.1731, 36.0534, 45.4634, 42.6031, 37.1862, 35.4485, 39.9294, 42.3567, 36.6971, 39.4953, 35.3982, 35.2146, 41.8551, 43.5164, 40.7372, 40.1519, 45.5195, 33.8981, 39.4479, 44.0374, 40.3201, 
25.3132, 29.4558, 27.8929, 26.3983, 24.3474, 35.1044, 28.0067, 31.3058, 29.1561, 24.7183, 27.6068, 29.0588, 27.7409, 24.6885, 30.4877, 30.1131, 25.4994, 34.8781, 31.0032, 27.4643, 25.0234, 24.5574, 27.7636, 35.2773, 32.0506, 30.3617, 32.0906, 34.938, 26.283, 34.765, 24.9827, 27.4526, 34.3211, 31.5563, 26.9102, 24.1061, 26.8261, 29.0155, 48.932, 49.2078, 49.1556, 43.5482, 45.858, 51.5312, 47.3933, 43.5746, 54.5313, 44.4001, 45.139, 46.2858, 54.9118, 52.7129, 55.3194, 44.8456, 49.8868, 54.4854, 45.4647, 52.8844, 51.3556, 
34.6259, 29.5667, 32.0502, 35.3662, 32.9495, 24.4616, 34.4529, 28.3762, 24.4285, 32.482, 32.1141, 26.8423, 29.2292, 33.677, 29.4282, 33.5437, 33.2385, 33.5609, 30.0683, 30.9595, 30.3184, 28.111, 35.2042, 38.5437, 41.6886, 34.5425, 34.0894, 43.9143, 34.3258, 42.0635, 44.254, 32.3961, 33.5066, 37.8563, 42.2045, 42.1575, 42.3826, 38.5368, 38.2643, 36.1972, 39.6469, 41.6835, 40.1731, 44.0153, 37.347, 40.4221, 34.9057, 43.1883, 40.5719, 43.579, 38.0098, 35.4708, 37.2496, 41.6177, 40.8741, 44.0454, 43.9955, 33.0435, 41.3126, 
27.6843, 31.0146, 27.164, 35.1447, 31.5214, 30.8292, 33.7203, 33.9729, 26.4776, 27.1004, 30.5321, 34.7907, 25.3767, 28.8153, 34.7823, 28.1004, 32.8382, 27.5492, 25.3558, 29.8946, 28.6226, 30.8883, 24.5776, 24.4656, 32.4101, 32.0432, 34.4437, 30.8575, 26.2749, 33.3505, 27.7838, 39.3342, 45.2732, 41.5103, 43.0416, 36.691, 39.7837, 39.7892, 37.4628, 40.9294, 42.3076, 41.2335, 46.4326, 45.5817, 44.1477, 41.9304, 45.3603, 34.8615, 42.4684, 38.5245, 37.7856, 35.7814, 41.8779, 43.0237, 36.5264, 37.8367, 44.1903, 36.8088, 46.7304, 
25.3705, 26.0271, 27.0336, 28.8987, 33.3887, 29.7521, 29.2777, 28.5601, 31.6988, 29.6133, 25.1296, 31.0293, 28.9523, 27.4651, 27.8819, 30.1135, 32.9231, 26.3862, 27.3164, 29.3262, 24.2376, 32.7732, 33.0626, 27.6366, 24.7043, 27.341, 30.7374, 26.2015, 30.4814, 28.743, 33.2455, 26.3833, 31.5662, 30.5894, 30.5754, 31.4538, 32.2492, 51.4732, 52.1371, 53.956, 48.9291, 45.1824, 51.2077, 47.3596, 50.55, 53.2968, 52.3531, 50.9613, 44.8834, 48.3224, 44.5687, 47.321, 49.0976, 54.1341, 48.9776, 49.8112, 51.5639, 50.2272, 46.5789, 
27.5767, 31.1718, 31.0906, 34.5627, 34.7841, 31.4854, 27.6336, 31.0741, 30.7293, 26.8812, 32.0796, 32.3212, 35.8101, 32.0131, 31.6393, 25.2757, 32.7112, 33.3784, 28.5161, 27.9906, 31.6767, 29.6526, 28.7111, 34.429, 32.9609, 31.5247, 31.9856, 28.039, 35.7426, 30.4407, 30.8692, 28.3479, 32.2107, 35.9034, 32.6289, 32.572, 27.8062, 34.2987, 27.8676, 49.5346, 42.7466, 45.4772, 44.3734, 49.5427, 49.3499, 43.6, 51.2249, 40.7658, 42.1531, 52.0449, 45.515, 46.425, 49.7384, 45.3068, 49.3804, 48.9302, 44.5988, 51.9282, 48.8806, 
32.4325, 27.1724, 29.1414, 28.9857, 28.9979, 34.0802, 34.3284, 32.9216, 28.0045, 25.3224, 33.7019, 25.0899, 26.9815, 34.2858, 35.6864, 33.4992, 28.7235, 26.763, 33.862, 25.5012, 28.1966, 31.9885, 24.4781, 31.2239, 28.7948, 29.1862, 45.1232, 37.6268, 39.3281, 38.8613, 37.0814, 37.8082, 37.7814, 36.3782, 36.127, 34.8866, 36.5692, 43.6484, 34.1771, 45.2892, 39.9505, 37.6796, 40.6156, 45.1727, 40.3559, 43.8419, 37.528, 40.0346, 39.6755, 43.4251, 41.9442, 41.9431, 34.8502, 36.4256, 39.3097, 35.9761, 35.8197, 43.3455, 39.7574, 
26.9627, 26.261, 26.1402, 35.762, 25.5284, 35.5814, 27.8059, 24.4476, 35.2975, 27.6777, 32.3572, 29.3739, 33.3329, 30.1223, 26.6517, 31.6657, 28.5572, 32.9109, 32.5268, 32.4449, 28.2796, 24.202, 25.1611, 28.5073, 28.4412, 27.1089, 28.7588, 33.6167, 35.4646, 29.6298, 39.8637, 40.8981, 37.7613, 43.1305, 45.5563, 41.6627, 40.72, 46.7248, 45.0495, 37.761, 40.6044, 46.4564, 47.6274, 36.9542, 45.6775, 37.2153, 39.6716, 40.5944, 44.0393, 48.1503, 43.6376, 42.6861, 44.0459, 40.9657, 39.6103, 44.1062, 45.1876, 40.9113, 43.1286, 
32.6605, 35.8832, 27.0002, 35.5399, 33.2907, 32.7222, 30.4473, 24.7186, 26.7013, 26.4016, 27.9531, 34.7316, 30.1755, 32.789, 27.4823, 25.4057, 26.5599, 29.0114, 25.8361, 35.2733, 24.0275, 34.3875, 32.0935, 34.5418, 29.375, 29.592, 34.8554, 30.8799, 44.957, 45.2706, 38.4425, 40.2481, 37.4422, 47.8926, 47.0292, 46.9385, 47.6091, 37.2535, 36.5917, 45.3415, 41.4482, 44.621, 47.3854, 47.9737, 44.8219, 36.8113, 39.7425, 43.9975, 40.5662, 39.8695, 41.952, 44.4157, 38.9699, 43.4518, 41.525, 42.7772, 40.7307, 47.28, 39.8651, 
34.6571, 28.7107, 30.0555, 27.4603, 24.6489, 29.567, 28.9964, 31.3936, 30.8134, 28.8359, 27.6553, 29.1238, 34.9997, 28.4977, 27.0997, 26.5011, 34.6079, 33.6054, 26.4181, 25.6312, 31.2243, 33.7434, 31.7171, 29.4708, 30.3687, 45.688, 43.1226, 45.3931, 37.4865, 38.4002, 43.9757, 44.2217, 41.2788, 36.9265, 34.5965, 41.9611, 41.7936, 45.7479, 38.4479, 44.0223, 42.0742, 40.0163, 38.8434, 43.2431, 36.7253, 38.3443, 38.8493, 40.2319, 36.621, 36.1994, 46.0034, 36.5626, 42.6849, 43.9569, 43.8985, 43.3216, 45.8239, 34.4452, 42.7517, 
32.0656, 24.564, 30.0195, 29.2149, 25.5262, 35.4326, 25.474, 25.4399, 33.1735, 34.8286, 34.6574, 29.3827, 30.7657, 26.9745, 27.7985, 31.2566, 26.0935, 35.1554, 29.7143, 27.5675, 27.3428, 35.6908, 30.6055, 31.5265, 25.3918, 30.5923, 34.3134, 32.0638, 34.0427, 30.657, 26.3153, 25.1582, 33.6369, 27.5811, 34.8172, 30.6199, 43.7839, 40.953, 44.385, 38.7846, 42.8783, 46.5267, 48.3521, 45.5014, 37.6869, 45.4525, 40.91, 40.9952, 43.4508, 39.4143, 49.2573, 45.4658, 49.1673, 38.9843, 42.813, 44.9707, 46.7022, 43.9624, 41.8292, 
33.0156, 28.9296, 27.6873, 27.0193, 26.4809, 28.7603, 34.7992, 35.7198, 25.4546, 32.2195, 25.0906, 33.3446, 35.0717, 31.264, 30.6867, 25.8758, 25.1237, 26.9587, 34.2983, 29.2527, 25.4964, 27.4442, 24.9522, 30.0312, 29.1018, 33.8026, 29.8674, 29.6383, 29.0772, 32.243, 31.1017, 25.1982, 29.6864, 29.0882, 30.5637, 26.5709, 32.8008, 34.4138, 35.3899, 42.5437, 39.6915, 32.3669, 36.2914, 41.1027, 35.4516, 36.9561, 40.0745, 33.7183, 32.2928, 42.2995, 36.0009, 35.4758, 42.3564, 38.3207, 41.4248, 38.9508, 32.2219, 33.6563, 34.5816, 
33.3307, 35.2758, 31.5926, 28.6112, 24.1528, 33.6413, 34.8113, 26.8559, 33.2881, 32.2566, 28.5186, 30.6573, 25.8655, 33.9524, 26.7905, 32.3671, 35.4136, 32.7453, 34.5161, 26.4189, 33.2782, 28.0464, 30.343, 31.9158, 30.8281, 26.3888, 35.1932, 26.9675, 25.2555, 31.055, 24.5611, 26.7883, 31.5115, 25.99, 26.4064, 26.167, 44.8308, 43.6351, 47.5475, 43.3384, 49.9913, 52.2736, 43.9616, 51.9956, 52.2464, 51.4731, 45.3188, 48.6363, 43.3858, 52.9217, 49.37, 43.843, 46.3309, 46.4506, 49.2113, 44.2084, 41.5464, 47.8277, 47.8402, 
25.2838, 26.4629, 27.4063, 28.1448, 30.3757, 31.0671, 34.9204, 35.6537, 32.6928, 25.7542, 34.0266, 28.3148, 25.6617, 34.5535, 29.964, 29.1719, 34.4474, 29.9894, 27.2796, 35.6141, 27.7824, 24.6235, 33.4658, 28.0126, 25.9187, 31.4784, 34.7963, 25.6716, 30.553, 29.0908, 30.4704, 28.0137, 44.2822, 34.8087, 34.6445, 43.893, 34.3621, 37.3054, 36.4861, 35.2137, 43.4721, 43.6741, 39.7401, 45.259, 42.2126, 44.8922, 44.2638, 41.7701, 38.9035, 34.6868, 42.8897, 46.0001, 36.7274, 37.3388, 35.7778, 37.0021, 45.6016, 43.4765, 44.045, 
29.6376, 25.134, 30.6742, 25.3631, 27.1261, 35.1528, 28.6288, 33.6002, 26.5015, 30.0312, 25.6147, 35.3838, 25.5596, 35.6357, 24.6478, 26.4901, 28.5164, 34.6005, 25.7994, 24.4072, 32.0792, 27.6667, 24.1719, 33.8011, 34.2906, 36.6396, 42.2702, 44.7802, 44.8694, 34.8531, 36.7744, 40.8381, 36.3161, 41.7682, 35.1517, 39.501, 37.814, 36.0018, 34.5784, 39.5869, 39.7529, 43.7328, 42.6797, 42.5049, 43.2727, 39.4338, 39.9218, 40.2329, 37.6601, 45.2608, 43.933, 34.44, 40.7576, 41.4186, 42.9881, 38.9909, 44.8213, 39.84, 41.1998, 
32.8786, 33.1974, 28.414, 29.2795, 27.7177, 33.2414, 32.4101, 35.1984, 33.8183, 35.5182, 24.3147, 26.2676, 30.6511, 30.387, 24.1219, 35.4587, 31.5038, 32.4457, 35.2388, 25.272, 32.1714, 25.3815, 30.9309, 32.1798, 24.35, 25.5838, 29.7246, 32.1725, 27.475, 30.238, 36.0235, 30.1627, 26.5793, 45.8353, 40.3619, 42.7209, 49.6889, 40.9803, 42.0081, 49.6764, 49.6628, 49.6309, 41.7852, 47.4477, 46.7331, 45.9286, 45.9227, 44.8735, 46.1155, 45.3733, 40.8297, 50.1813, 42.5487, 47.6082, 45.9135, 40.3861, 41.3949, 40.8062, 41.7625, 
28.2667, 25.665, 29.556, 34.0361, 25.0818, 30.0679, 27.7827, 29.1411, 34.2418, 31.4065, 32.9418, 24.1425, 24.1234, 33.9087, 33.5304, 31.9576, 26.767, 35.9126, 33.9296, 35.2399, 28.6013, 28.2917, 24.5317, 35.3937, 29.462, 29.4767, 34.6134, 33.8319, 28.1231, 28.0853, 29.1807, 24.0709, 35.4892, 35.1018, 30.7069, 31.1303, 30.0885, 32.3833, 44.0156, 33.7118, 38.7893, 41.029, 35.6368, 37.0153, 43.5448, 39.0064, 40.8142, 36.9646, 43.0546, 37.3476, 34.2362, 33.8502, 40.7804, 42.7601, 34.7554, 40.7066, 35.5075, 35.4627, 33.6115, 
24.7892, 25.4748, 25.4138, 25.9492, 34.3479, 24.163, 25.0234, 35.4191, 31.1747, 24.1781, 35.3706, 27.5602, 26.6807, 33.5275, 32.0616, 34.5524, 29.2927, 30.9059, 24.964, 26.4912, 27.3428, 24.5556, 27.5227, 35.0342, 28.7566, 24.9485, 31.9261, 30.8615, 33.0817, 27.9234, 25.0921, 41.9908, 48.3599, 41.0699, 40.6663, 39.0806, 38.4729, 43.5034, 39.3972, 47.1936, 42.3236, 40.6652, 42.7602, 49.762, 41.1338, 47.6471, 38.9525, 47.9585, 43.8501, 42.343, 50.0234, 42.2699, 47.6526, 43.2982, 44.2177, 50.2915, 46.2491, 44.2254, 49.712, 
33.0887, 28.7008, 27.2363, 35.2744, 30.7043, 32.7332, 35.1503, 27.8569, 27.6035, 35.2035, 32.1831, 35.4855, 32.5301, 33.4607, 33.7655, 31.5464, 24.1807, 27.8466, 31.0293, 24.0591, 28.2304, 26.7725, 25.2096, 32.1908, 32.8728, 30.8571, 28.6053, 30.7326, 24.527, 29.5902, 27.9575, 31.3826, 34.2858, 41.0965, 47.6143, 45.6232, 46.683, 41.2698, 48.9535, 43.1966, 39.7169, 49.0876, 39.6643, 43.6373, 39.3842, 50.3402, 49.5495, 50.1635, 40.9224, 50.649, 45.628, 47.6209, 41.0109, 43.8811, 40.4296, 46.1138, 40.7418, 46.8637, 49.5194, 
35.4011, 28.1367, 26.8173, 27.9553, 26.8617, 35.5832, 34.1018, 27.9917, 25.8761, 27.2785, 26.1717, 25.3084, 31.113, 26.048, 28.4698, 28.8253, 30.8123, 28.1867, 30.6812, 31.488, 33.7805, 26.294, 28.0357, 34.0012, 42.7304, 43.5453, 35.2219, 38.9521, 33.6384, 43.0341, 43.3359, 32.6833, 41.2094, 33.37, 34.9935, 31.9206, 40.8884, 41.4286, 39.8459, 32.0175, 40.371, 32.7806, 32.7721, 42.3268, 35.1528, 40.5201, 42.253, 33.3226, 36.3077, 41.3273, 42.3639, 39.5176, 39.9987, 42.4175, 42.3948, 42.5181, 42.892, 42.8207, 36.0466, 
35.9695, 24.4447, 29.3614, 29.2175, 34.4507, 32.9682, 35.252, 27.7412, 31.5882, 35.8142, 30.5215, 34.6732, 32.1262, 31.7039, 34.2866, 25.0308, 31.9554, 35.4874, 24.5189, 27.421, 36.5746, 42.0517, 35.5325, 43.3987, 42.8585, 41.4307, 42.983, 40.0283, 33.1819, 42.42, 37.3921, 36.1178, 36.2001, 43.1725, 42.6833, 43.1214, 38.6127, 38.4467, 35.5262, 37.6164, 35.9599, 43.2044, 44.5106, 44.3233, 37.7519, 36.6055, 42.9011, 44.204, 43.857, 40.3662, 39.963, 44.9344, 39.1518, 34.0349, 35.809, 43.3836, 35.3834, 41.4822, 40.198, 
27.8698, 32.7655, 35.686, 26.5048, 24.4418, 25.5298, 24.52, 29.8498, 33.9109, 31.1373, 25.1604, 26.1409, 30.9654, 32.2022, 26.7832, 26.2107, 29.9761, 31.5181, 33.7049, 33.1651, 27.5999, 27.2047, 33.1467, 26.2867, 28.5098, 27.269, 25.2533, 34.9255, 29.7863, 31.7571, 30.0088, 29.0048, 26.0113, 24.9893, 27.8092, 32.6319, 44.5098, 39.9581, 38.6607, 44.5825, 46.9287, 39.3401, 46.853, 42.5687, 41.0506, 45.7506, 45.802, 37.6417, 48.9796, 39.5373, 44.7433, 48.9862, 46.9613, 44.7044, 47.2507, 37.6626, 37.931, 39.1274, 45.3426, 
28.0556, 35.4312, 34.5513, 31.9173, 30.6514, 34.6395, 25.835, 25.5585, 31.7381, 34.7933, 34.4254, 35.0783, 34.8664, 35.0952, 27.1383, 32.1111, 33.5734, 34.7985, 24.5042, 26.5437, 30.4502, 31.6584, 34.7202, 39.0292, 42.8835, 42.3088, 36.1395, 33.1999, 43.2056, 36.6478, 43.2584, 41.083, 41.1903, 34.7823, 33.9744, 36.8883, 43.0517, 33.0009, 40.8157, 33.3307, 34.7166, 43.4208, 39.5154, 36.8721, 33.3733, 43.1329, 42.9191, 38.2408, 33.1886, 36.2714, 36.6099, 32.5852, 42.6118, 33.8499, 40.9013, 33.5422, 31.6451, 38.9811, 36.3558, 
29.9625, 28.9806, 26.8434, 31.434, 32.2158, 25.1244, 34.1444, 33.0784, 32.7193, 31.7707, 24.6353, 33.9087, 30.3316, 34.8866, 26.6047, 32.6175, 24.9856, 28.5939, 33.8136, 29.2883, 30.2089, 33.2565, 24.9419, 34.7511, 34.5289, 36.9908, 39.0993, 38.8955, 44.7079, 43.2482, 43.3316, 39.3711, 45.9965, 36.9012, 40.7926, 42.3735, 42.3037, 45.5988, 41.3284, 34.797, 41.6938, 36.621, 42.325, 44.0197, 41.805, 36.4506, 44.5327, 37.7862, 42.9115, 38.9363, 40.2741, 39.2973, 41.0787, 45.3799, 39.0935, 45.7556, 45.4119, 44.384, 45.4835, 
30.979, 27.428, 35.4591, 28.5326, 24.0577, 28.4918, 25.6808, 34.0317, 29.361, 24.1014, 26.222, 28.5847, 25.8915, 31.3558, 33.2168, 31.9026, 32.4549, 30.7646, 24.4374, 33.8958, 26.8687, 35.6504, 29.3463, 32.691, 25.9455, 28.1775, 33.7236, 27.4522, 24.3026, 30.1186, 33.5988, 32.5665, 25.5078, 28.9652, 29.7922, 29.3353, 32.0763, 27.4945, 25.1174, 39.9334, 45.2015, 43.5674, 42.0291, 35.9725, 37.7583, 40.2312, 43.0426, 41.1397, 41.9377, 40.3094, 42.6809, 37.7403, 44.0826, 38.3147, 34.3333, 36.6137, 44.6793, 36.0625, 44.8497, 
26.7435, 28.0269, 34.5234, 26.8544, 24.1954, 25.6382, 32.7982, 31.2787, 35.2924, 33.388, 25.3007, 35.1172, 30.0305, 35.1341, 35.9747, 33.9722, 29.8836, 31.868, 28.0548, 28.9314, 28.3016, 44.4724, 43.3164, 39.1154, 40.4308, 34.852, 36.6202, 33.5363, 37.8361, 40.6791, 36.4101, 44.4218, 40.8998, 37.7237, 35.3342, 39.1456, 40.8083, 41.6001, 37.0833, 41.5395, 35.8252, 34.7488, 36.2948, 43.2804, 33.9094, 38.3046, 45.103, 40.0508, 42.0051, 43.4512, 35.8622, 42.4311, 34.8619, 40.2817, 36.5592, 37.8416, 34.6188, 39.2583, 43.8761, 
28.0805, 28.3787, 24.3948, 24.2703, 34.6633, 34.0067, 33.4063, 34.6395, 27.3975, 33.374, 27.5051, 24.2464, 32.6172, 29.249, 35.8553, 27.8407, 30.592, 25.8097, 24.4469, 25.3628, 32.6219, 33.5106, 27.3997, 24.849, 26.355, 24.0536, 30.8578, 33.208, 28.8631, 31.3785, 32.5158, 29.559, 35.7661, 35.0467, 31.9782, 36.2798, 44.2822, 37.0355, 36.5721, 38.3865, 43.7222, 37.4406, 39.2998, 42.0866, 46.1595, 46.5068, 44.6832, 44.0314, 35.6074, 39.8848, 35.8582, 45.6747, 40.7991, 42.6621, 42.9029, 43.864, 44.5955, 35.6401, 40.4576, 
28.5458, 34.6552, 30.6474, 26.637, 24.036, 29.288, 34.1768, 32.9194, 29.1499, 31.2093, 34.089, 24.2637, 33.4856, 35.7404, 25.7182, 28.6556, 25.4303, 35.1653, 33.5341, 34.9027, 26.3957, 31.835, 34.5296, 38.67, 39.6486, 43.9818, 41.249, 36.7384, 40.1407, 42.6429, 44.0329, 34.5549, 44.8517, 44.2051, 33.9281, 40.346, 42.879, 34.0265, 34.4683, 38.6781, 41.3764, 41.91, 37.0953, 35.2754, 40.8953, 43.1045, 34.942, 35.4021, 41.5853, 43.4875, 33.5058, 43.4148, 34.0019, 42.47, 43.1159, 44.7621, 42.5783, 42.4564, 40.0173, 
34.4507, 34.0372, 25.6418, 25.2067, 32.3223, 32.2209, 27.2319, 33.1621, 26.9906, 27.0461, 27.0435, 29.7485, 34.0537, 24.6246, 34.5256, 29.6115, 31.0161, 34.1426, 34.5811, 34.6398, 28.1044, 31.3874, 26.294, 33.6021, 34.7639, 30.6863, 25.2056, 26.9091, 35.01, 34.0064, 25.001, 28.7408, 30.6797, 29.0482, 28.7856, 28.8697, 40.4714, 49.0816, 40.8508, 50.2479, 45.6819, 49.2748, 48.945, 48.1001, 45.8127, 43.9637, 42.9006, 49.8385, 47.9748, 44.5131, 40.9466, 42.3549, 44.9636, 49.674, 49.2304, 42.1129, 45.1142, 47.774, 44.7275, 
25.535, 29.2788, 26.5951, 24.8351, 30.0958, 24.5192, 34.3383, 32.7064, 35.1334, 26.886, 25.495, 32.7123, 29.4437, 27.9028, 25.4079, 27.3061, 28.9402, 24.325, 24.6368, 24.1072, 30.7484, 31.0102, 26.0902, 34.3971, 31.2511, 34.3027, 40.006, 39.6839, 35.7958, 34.7533, 43.4938, 43.8126, 43.6767, 34.9424, 42.4282, 40.0655, 40.8965, 45.5124, 39.309, 38.3168, 35.9589, 40.8847, 44.8838, 41.8406, 38.8375, 46.0706, 41.9394, 43.1292, 38.9242, 41.8777, 42.5585, 40.1334, 42.0404, 41.892, 39.1746, 34.1984, 42.0437, 40.7867, 40.8168, 
32.9495, 26.6194, 29.0166, 31.0796, 28.4496, 33.9766, 29.6251, 32.6844, 27.5635, 30.3261, 31.0429, 34.1176, 26.8147, 32.283, 31.0462, 25.5353, 27.0696, 33.0009, 32.8349, 31.3036, 27.8092, 26.8746, 32.5959, 34.5003, 26.5019, 30.9753, 28.8991, 28.4459, 33.9821, 34.4048, 31.7428, 33.1889, 26.489, 29.3665, 31.0069, 29.1991, 25.7693, 31.0741, 45.2719, 42.0165, 46.1412, 46.5014, 37.835, 36.8556, 35.2957, 39.0332, 43.8717, 43.8064, 35.4529, 35.9115, 36.4892, 45.9047, 35.465, 46.1176, 44.0719, 38.6829, 41.3159, 43.8824, 41.0427, 
27.6766, 32.6936, 30.8854, 28.7287, 27.6906, 29.7734, 31.1013, 33.0556, 25.6602, 33.6832, 30.1719, 26.7824, 25.7164, 35.1135, 28.7202, 35.801, 29.3452, 26.7696, 27.0644, 33.6186, 30.2009, 26.4494, 37.3387, 39.4238, 40.8589, 34.9569, 35.1424, 39.7613, 38.2241, 36.6601, 33.7157, 41.6686, 37.6707, 40.6999, 33.0, 38.2057, 39.2486, 43.0556, 38.6251, 37.801, 31.9689, 39.8248, 34.5251, 33.5927, 39.1469, 43.1129, 33.0397, 41.142, 42.8745, 38.3768, 35.9201, 42.4376, 33.1693, 37.0269, 34.4671, 41.1416, 36.2789, 35.1336, 38.6431, 
35.4279, 29.9875, 27.5962, 30.4061, 30.0577, 27.9109, 34.9207, 33.1853, 31.8093, 28.136, 30.8986, 28.0581, 24.0617, 32.0454, 30.4678, 27.2525, 33.6391, 27.3546, 28.3758, 34.479, 31.4145, 29.086, 44.4048, 41.9019, 43.9682, 45.7217, 35.7039, 40.7752, 43.792, 35.8865, 39.0769, 40.0775, 44.0637, 45.4474, 36.7281, 36.3936, 38.9127, 38.0861, 40.6974, 37.68, 34.6985, 42.4149, 44.6832, 34.8057, 40.6302, 43.2463, 38.8844, 36.7593, 36.8453, 36.7413, 38.5826, 40.5446, 42.1615, 39.2373, 35.1024, 41.4289, 36.7054, 38.0931, 36.478, 
24.0092, 35.4598, 34.8025, 29.8351, 29.805, 31.5368, 24.5358, 35.5788, 24.3121, 34.6339, 25.9863, 27.0365, 26.525, 25.6833, 24.7311, 27.721, 31.2012, 35.108, 35.8289, 28.4415, 24.1326, 32.3293, 27.6836, 30.7135, 33.916, 30.6687, 29.9949, 31.2482, 35.5917, 35.0004, 27.5844, 35.1411, 32.9187, 31.0686, 30.0389, 34.9538, 26.3601, 43.8293, 42.1937, 46.2228, 40.0311, 49.1874, 43.2222, 46.9414, 41.6208, 47.8676, 40.8988, 48.5293, 41.464, 45.073, 39.4557, 44.9478, 43.7195, 40.1057, 47.7618, 43.4158, 39.5706, 38.9522, 43.0665, 
33.5767, 25.8743, 28.0093, 31.3058, 25.6077, 32.5177, 29.1514, 32.7472, 31.0517, 34.0967, 33.5965, 31.7472, 33.8246, 24.4146, 24.7352, 33.323, 26.966, 30.1638, 31.4039, 27.3285, 34.4323, 28.9993, 26.211, 24.2387, 29.317, 33.937, 34.8414, 35.585, 30.1469, 28.5818, 44.7668, 49.2421, 38.8866, 47.0587, 42.0314, 43.9516, 44.0364, 48.944, 40.8938, 44.7386, 40.8358, 39.0918, 38.3071, 47.4222, 39.6702, 46.9617, 46.817, 42.5044, 38.7691, 42.316, 41.1824, 38.4279, 40.1667, 39.242, 44.9064, 38.1327, 49.3384, 44.6126, 45.6952, 
34.8447, 30.1876, 32.9132, 28.9971, 26.1468, 29.7911, 29.2707, 30.5637, 24.8284, 25.5056, 25.0389, 27.4273, 30.3356, 30.4921, 24.4528, 26.1365, 31.4413, 35.122, 35.9115, 32.8739, 29.7687, 28.1635, 33.984, 30.5666, 25.7311, 43.6075, 37.5767, 41.2335, 38.0989, 40.1594, 37.602, 35.4777, 37.9307, 39.9754, 42.7802, 34.4781, 44.4474, 36.9704, 41.1964, 38.1437, 39.0786, 41.1027, 37.9535, 40.5512, 41.5291, 41.6069, 34.6136, 38.9692, 36.0729, 43.1048, 42.6972, 36.9873, 35.8732, 36.5962, 39.8575, 39.1106, 40.5325, 38.0603, 36.0718, 
28.9736, 34.1323, 27.6649, 31.9753, 34.5363, 27.6109, 30.7609, 29.9993, 24.4755, 27.7567, 29.5513, 31.8332, 24.6647, 33.2672, 33.6362, 33.7126, 25.4384, 33.7298, 30.0275, 32.796, 34.3875, 27.2268, 28.1059, 32.1842, 26.7046, 32.4152, 24.8777, 32.3315, 32.619, 26.2731, 24.7847, 27.2745, 29.8847, 33.5018, 25.6918, 30.123, 25.243, 34.0479, 33.1008, 45.9289, 48.9567, 55.0911, 46.2833, 52.6564, 49.4274, 53.978, 54.4837, 44.3312, 53.3328, 46.2712, 50.651, 49.0969, 45.2496, 45.6968, 49.1245, 55.9276, 52.5282, 53.5715, 54.5619, 
24.3055, 30.4315, 34.2447, 30.2574, 32.4303, 35.6254, 25.7781, 35.6526, 24.1072, 24.997, 32.0212, 33.8969, 25.9514, 31.6356, 30.0463, 27.1977, 32.5228, 26.2022, 34.2678, 30.6727, 33.9608, 34.0772, 35.2971, 34.6795, 34.2418, 27.9454, 34.8976, 27.7993, 31.8541, 29.3838, 31.5144, 35.7378, 24.9423, 28.7599, 33.4662, 42.2122, 37.8559, 37.7406, 39.5836, 41.4495, 44.1908, 45.7276, 45.8833, 43.287, 39.0071, 41.1381, 45.1749, 48.8196, 48.0286, 46.2883, 39.0475, 46.2116, 37.7182, 38.013, 41.1623, 47.6694, 46.5296, 42.7436, 46.2156, 
35.6361, 35.2266, 26.4512, 25.9995, 31.3716, 33.6116, 31.0205, 35.3324, 24.0536, 24.943, 30.5574, 25.9007, 30.5912, 28.7026, 26.7435, 34.9013, 35.2847, 26.9165, 34.0695, 34.8715, 30.3757, 30.5262, 26.6249, 28.6486, 33.493, 34.5737, 25.9191, 34.0835, 26.7182, 28.024, 24.7789, 31.0811, 32.7402, 25.5203, 25.9565, 45.2669, 43.6386, 45.6793, 46.3675, 47.0872, 45.149, 42.6339, 44.0209, 37.4576, 36.7345, 44.6232, 44.0051, 42.6104, 45.3716, 44.7814, 43.2799, 40.2977, 45.3995, 42.3269, 42.833, 37.6434, 39.3297, 36.2876, 43.9401, 
28.4533, 32.3271, 32.2422, 29.5131, 29.9824, 35.5553, 28.3684, 32.1846, 35.3978, 31.3088, 28.7287, 33.4849, 32.3678, 25.7773, 28.952, 34.0067, 26.5929, 33.5694, 28.4643, 32.0704, 27.3013, 32.4813, 35.314, 28.801, 33.5194, 24.242, 29.8447, 24.3008, 46.4223, 38.512, 35.8607, 37.7353, 47.3121, 36.24, 37.2763, 38.2458, 41.7799, 46.0609, 36.3425, 39.1499, 46.379, 41.564, 36.5272, 46.7616, 46.1689, 37.5165, 41.5739, 44.0978, 43.1739, 36.2441, 37.3659, 40.7748, 40.5585, 46.5167, 45.0724, 41.4244, 42.6263, 42.9513, 39.8854, 
29.6713, 32.0359, 35.61, 34.3365, 35.8678, 26.1497, 28.4356, 30.3562, 27.233, 32.0171, 27.4431, 29.7815, 33.1518, 33.0993, 29.8436, 35.7433, 29.8535, 29.527, 26.1805, 25.5945, 27.7526, 24.2574, 31.3249, 33.9087, 28.5183, 27.0248, 25.9955, 34.606, 39.8024, 39.8986, 35.8511, 34.2578, 40.9687, 42.6278, 39.9302, 36.76, 39.1837, 37.4228, 43.3479, 38.3034, 37.4471, 39.4257, 42.5646, 38.1609, 41.8952, 36.4145, 37.6362, 43.7155, 37.8128, 44.2223, 35.9224, 42.7875, 38.0526, 41.1923, 33.6339, 42.4508, 40.296, 43.7607, 43.2771, 
27.9542, 24.5607, 34.1419, 31.0212, 30.4197, 35.8784, 33.0931, 29.2971, 33.3975, 35.8076, 35.9798, 33.1324, 31.1509, 30.9629, 24.6555, 25.6903, 29.3067, 24.7998, 30.0286, 25.0638, 32.2052, 26.9822, 33.2668, 27.1911, 35.1649, 35.9802, 31.5398, 32.742, 41.0596, 42.8807, 38.0172, 40.5073, 46.0872, 41.8969, 36.2031, 43.9118, 42.8575, 40.056, 36.007, 38.1751, 41.1782, 46.8844, 42.4176, 46.0141, 46.3718, 36.574, 36.0368, 37.0466, 36.2623, 36.5729, 45.7351, 42.249, 40.4673, 41.6317, 47.0346, 45.1655, 47.114, 36.4448, 40.0729, 
26.5753, 29.6302, 32.9267, 26.5386, 26.8485, 29.3151, 32.8493, 28.3589, 33.1008, 34.2932, 34.8201, 32.2948, 26.6473, 29.1536, 28.7213, 27.1801, 27.1742, 26.3605, 33.3329, 34.822, 29.6185, 34.5058, 34.8366, 42.0338, 45.8539, 41.773, 39.743, 34.967, 44.4009, 40.9758, 36.2871, 42.5945, 42.4553, 42.1237, 41.0114, 45.6813, 36.6202, 40.1606, 36.6092, 43.1574, 38.6689, 40.266, 36.4564, 34.501, 45.6589, 34.7055, 35.2299, 43.0447, 43.7215, 35.0782, 46.035, 36.1748, 44.4045, 43.0109, 45.432, 37.6135, 38.121, 40.899, 38.8118, 
33.8837, 27.8213, 32.4942, 26.344, 28.9608, 27.2433, 35.8248, 24.5567, 30.8828, 28.4342, 33.4967, 33.6634, 27.7761, 29.8179, 27.5154, 25.723, 30.8461, 29.1113, 33.009, 32.7978, 30.4484, 30.2703, 34.8264, 31.98, 29.646, 34.5719, 27.8261, 24.574, 24.7671, 34.2579, 25.4164, 30.0334, 25.0965, 33.1849, 35.2138, 34.1397, 29.3452, 28.6674, 30.7774, 47.4347, 41.2085, 41.3451, 40.8335, 47.416, 40.4156, 41.7824, 46.7763, 39.6169, 46.6257, 48.0399, 45.401, 40.2739, 41.2643, 43.4819, 44.9706, 47.2364, 41.0847, 49.2315, 38.7173, 
24.1608, 25.9334, 28.7254, 24.7814, 27.284, 29.8513, 27.6186, 25.1406, 32.388, 28.1698, 27.612, 29.0566, 30.6918, 34.1485, 34.1984, 34.6512, 26.1446, 34.981, 34.5208, 35.776, 32.9671, 30.7631, 26.3704, 26.774, 26.7721, 32.2154, 26.5232, 44.5241, 46.0668, 37.9674, 41.6286, 47.3315, 37.62, 46.669, 43.3688, 36.8128, 42.8815, 43.7985, 42.6891, 38.5502, 38.8836, 39.202, 36.8, 46.8368, 42.8452, 47.1064, 44.0871, 45.9379, 37.8638, 39.7969, 40.0128, 41.4303, 36.8268, 40.1703, 41.9583, 41.8382, 42.746, 43.6857, 44.0441, 
27.06, 30.7668, 35.3849, 32.8313, 29.5931, 33.0799, 31.7318, 31.1365, 32.8966, 27.4056, 27.3266, 26.4956, 33.9476, 33.5591, 32.767, 35.7003, 35.1624, 24.2982, 27.3149, 25.2467, 33.1335, 26.7971, 29.0114, 33.4049, 26.9447, 33.0196, 28.1242, 28.4345, 35.913, 26.2228, 29.4852, 29.7617, 26.3491, 27.6891, 49.2865, 41.3868, 41.157, 40.8654, 40.3781, 40.7952, 40.0142, 42.9156, 44.6837, 49.7444, 40.569, 41.0428, 45.5911, 41.0578, 48.5399, 46.9818, 47.576, 44.7249, 42.2586, 47.1742, 44.2192, 46.7993, 48.8605, 46.4504, 45.1031, 
30.9643, 27.7563, 27.5143, 31.4164, 35.2993, 27.8756, 34.9042, 25.1336, 33.4908, 26.2929, 26.9491, 31.853, 25.965, 31.1149, 29.3948, 34.7221, 32.5445, 32.9594, 34.4349, 26.6363, 27.7343, 26.1328, 34.9494, 35.375, 35.2755, 33.3075, 24.1733, 35.8601, 31.889, 28.7904, 34.8668, 32.6829, 26.0858, 34.5058, 33.3663, 24.4899, 34.1544, 31.0895, 40.1344, 33.8325, 39.1708, 39.173, 35.0814, 42.0256, 35.7935, 32.9149, 33.5795, 38.9494, 44.3835, 43.1144, 33.5692, 37.1096, 38.5234, 37.5128, 39.1895, 43.2961, 42.5019, 43.9098, 44.0864, 
24.7991, 32.178, 31.9929, 26.146, 34.9435, 28.3831, 25.8137, 30.6544, 35.0456, 24.4443, 33.0376, 33.1228, 32.4207, 27.0248, 26.0678, 24.8578, 32.8041, 25.8104, 33.2183, 31.0734, 33.1783, 34.5822, 29.0408, 26.287, 24.4025, 30.6871, 33.1798, 30.3276, 29.5847, 27.9318, 25.5614, 33.3619, 29.6724, 30.578, 25.7439, 30.0951, 30.8266, 31.2658, 45.6125, 45.2926, 45.943, 46.323, 52.0274, 51.0844, 45.7017, 43.8002, 45.1986, 42.7735, 48.093, 45.9889, 52.9664, 41.7357, 41.3109, 45.6565, 50.4987, 51.4704, 41.3267, 41.8286, 50.3147, 
26.3296, 31.886, 33.952, 35.2332, 28.4753, 29.0023, 33.7533, 32.8834, 24.5494, 24.8442, 24.022, 25.8747, 29.462, 35.5351, 32.539, 33.3127, 33.515, 25.5199, 29.0074, 33.5455, 24.1623, 30.3052, 27.6201, 24.9629, 33.7372, 32.8272, 26.269, 35.3996, 28.5175, 27.0174, 33.955, 35.3912, 26.0689, 46.9199, 47.4935, 42.0414, 40.2321, 37.8224, 44.9876, 40.2703, 44.5738, 42.0264, 46.0489, 40.6519, 43.381, 37.8738, 45.1507, 48.6532, 47.5692, 37.0226, 48.5952, 47.8901, 44.5796, 39.6655, 41.8978, 45.3222, 44.7963, 47.2097, 37.4817, 
32.485, 30.332, 26.9734, 33.9693, 29.5707, 25.098, 25.3121, 28.2704, 26.3785, 35.9651, 35.2086, 32.8048, 26.6032, 29.3632, 26.2852, 32.5992, 26.4769, 24.2879, 32.7953, 30.2134, 33.2716, 32.2797, 34.3673, 25.9668, 29.8649, 26.8467, 25.1689, 34.5675, 34.656, 35.9721, 26.6858, 30.2233, 27.07, 24.1586, 33.9696, 31.1924, 32.3374, 30.6691, 35.6104, 51.0491, 43.1877, 41.5513, 40.7754, 45.4857, 50.1722, 40.1493, 51.1215, 42.3056, 41.8741, 41.6839, 46.395, 50.8589, 51.0715, 48.1103, 50.7733, 46.8683, 47.9461, 41.6953, 47.9432, 
29.8729, 27.1375, 35.5832, 29.0283, 24.094, 35.5057, 32.4244, 35.6754, 28.1738, 24.9269, 30.5295, 35.6732, 28.0618, 29.0283, 32.8074, 27.7974, 35.003, 33.4684, 30.1135, 33.5418, 32.4203, 34.5175, 42.4794, 36.5999, 46.1564, 35.8974, 34.9606, 44.3041, 39.8883, 39.1612, 39.007, 40.8787, 41.8177, 41.1406, 37.5209, 44.9747, 39.7569, 37.3472, 40.7792, 41.3521, 38.6798, 44.8513, 39.9739, 43.5367, 42.7148, 43.4937, 40.6878, 37.0178, 46.5633, 45.2527, 36.7919, 41.0131, 44.2358, 39.4521, 43.9645, 39.491, 44.9607, 36.7912, 41.2981, 
25.5486, 24.9173, 35.5421, 25.6022, 31.7527, 24.0903, 32.9176, 24.3716, 27.713, 32.1637, 30.3514, 34.8179, 25.6635, 30.3753, 24.2997, 24.4528, 29.8186, 27.1206, 28.7349, 32.4207, 34.5256, 34.9226, 25.4131, 25.3991, 24.8817, 27.9652, 32.6117, 35.8252, 32.8419, 33.9865, 35.5112, 29.3111, 31.091, 26.995, 32.7982, 42.0241, 47.5232, 44.2583, 43.844, 41.394, 48.4648, 44.1128, 48.7685, 47.7733, 42.5081, 45.2112, 51.5325, 45.769, 52.524, 42.8503, 49.0009, 42.373, 46.7311, 50.4731, 47.9947, 50.1477, 50.8106, 47.6135, 42.467, 
30.8949, 35.6526, 26.5059, 33.7188, 33.1544, 24.2648, 27.0461, 34.66, 28.7801, 35.6699, 29.1249, 30.6827, 25.4039, 33.0883, 34.3196, 24.4653, 34.8767, 35.6144, 31.9808, 34.3997, 32.9606, 39.2874, 42.1819, 42.653, 36.1224, 34.1144, 41.3108, 32.6022, 37.0716, 43.6926, 32.3837, 33.2636, 37.6074, 33.4193, 32.3514, 43.7771, 40.7405, 35.0894, 33.9209, 32.3257, 44.2985, 41.244, 35.2208, 35.154, 34.1743, 32.9393, 42.2289, 36.472, 33.254, 33.016, 42.8344, 41.7599, 39.438, 34.8308, 41.6509, 41.0141, 41.1463, 35.4533, 34.1247, 
28.812, 28.2116, 33.1856, 26.1783, 25.3069, 33.9002, 30.9059, 35.8762, 26.4894, 27.5422, 35.0287, 30.217, 29.4716, 30.1451, 35.747, 29.393, 31.4531, 27.2, 30.9977, 25.9441, 29.5766, 24.7726, 28.161, 35.3159, 27.1966, 26.1772, 31.3062, 33.3428, 30.3973, 25.8805, 24.8894, 24.7128, 24.6052, 27.0233, 40.9299, 45.1551, 45.3949, 44.7486, 44.3222, 41.0815, 45.0611, 42.0726, 43.0072, 37.9201, 36.8754, 44.0795, 42.5192, 40.6713, 43.3036, 45.4481, 35.043, 41.8336, 41.3118, 41.325, 34.3941, 44.316, 39.5197, 44.0472, 39.3835, 
31.9933, 25.1799, 32.5951, 27.4666, 27.2862, 33.3457, 31.9092, 24.4825, 32.6807, 35.7547, 29.3746, 29.1279, 30.3709, 35.6544, 27.3795, 27.9204, 25.6036, 32.6568, 35.1807, 35.003, 24.7003, 36.0286, 30.5288, 34.2818, 29.6475, 28.2777, 34.3211, 27.7265, 27.0692, 29.8186, 26.3994, 30.7638, 27.6123, 24.4396, 26.2639, 30.188, 25.2603, 28.7155, 46.5648, 50.15, 44.7045, 44.8245, 51.8601, 42.0715, 51.2737, 48.8074, 44.7287, 49.9788, 41.0569, 47.6128, 45.631, 49.1342, 44.5131, 51.0463, 40.4811, 41.8262, 48.3418, 40.0966, 40.4399, 
30.2031, 29.8458, 25.398, 26.6242, 31.0183, 24.3055, 35.2505, 29.4249, 33.7658, 30.957, 30.1473, 26.1537, 33.4471, 31.3099, 27.63, 35.8476, 28.7041, 24.6276, 26.2962, 31.4388, 32.1196, 28.609, 29.3199, 33.1416, 32.222, 32.4325, 30.3922, 25.7862, 26.3961, 25.8772, 24.13, 31.3811, 44.4348, 40.8015, 35.8899, 35.5392, 46.7989, 45.424, 46.0333, 44.4039, 37.6214, 35.9604, 43.3893, 42.0537, 36.7169, 46.5812, 35.6769, 41.6476, 46.0715, 37.1873, 47.0765, 36.3868, 39.2724, 40.9333, 38.1531, 42.6993, 38.0165, 38.4939, 43.9041, 
35.913, 29.8549, 33.2503, 30.1664, 27.5315, 24.791, 29.3816, 30.9162, 33.3369, 32.6825, 34.0629, 28.0912, 32.1504, 29.3372, 28.0798, 35.8384, 33.807, 26.9734, 24.0885, 30.694, 35.0937, 33.424, 34.0861, 32.6326, 30.806, 26.4956, 27.5, 33.7519, 24.6342, 25.0881, 32.1967, 27.6619, 26.727, 31.8277, 31.3268, 25.6466, 30.7855, 25.0767, 42.6002, 53.6032, 47.4262, 45.4788, 47.0152, 41.9667, 44.3456, 51.5787, 52.547, 43.0217, 45.694, 42.1044, 48.8679, 42.8436, 53.4827, 52.0843, 42.3457, 42.945, 43.4415, 51.0914, 42.9035, 
34.6989, 25.6092, 32.5066, 27.8452, 26.7035, 30.755, 24.6379, 31.2148, 33.8033, 28.1705, 29.9468, 29.9783, 31.5387, 34.8616, 28.1617, 34.8275, 35.9255, 32.9848, 24.3125, 25.7667, 31.4197, 25.0183, 29.1128, 38.6137, 34.0954, 40.5545, 36.3711, 39.6698, 38.7911, 40.5027, 37.9718, 32.2472, 39.7058, 33.0268, 40.3044, 44.0089, 36.6315, 41.1563, 33.4157, 41.7145, 35.8019, 43.8679, 33.1924, 41.0484, 34.7788, 40.9845, 32.5549, 43.9623, 43.4577, 33.7789, 37.0908, 35.5533, 34.7785, 35.962, 33.5967, 37.8367, 37.6031, 43.2352, 34.7832, 
28.4874, 34.1558, 28.6593, 35.5274, 35.2501, 30.795, 31.3183, 28.0339, 25.3745, 33.6101, 29.7231, 28.4621, 24.6834, 35.2446, 34.1507, 35.3405, 27.7243, 27.5022, 28.5388, 32.3021, 30.5857, 30.7473, 28.1797, 27.0846, 35.7227, 26.7872, 29.8898, 28.0442, 27.6626, 27.2396, 25.0047, 24.7311, 32.778, 46.4027, 47.259, 45.3796, 45.677, 40.5437, 39.2136, 43.3738, 42.0555, 43.6827, 42.5601, 38.311, 44.8783, 40.5591, 46.9171, 43.3129, 38.7586, 47.5157, 38.5618, 47.7786, 36.3254, 42.0658, 44.7733, 48.3049, 47.1371, 39.6036, 37.5626, 
