34.7577, 27.2329, 29.6962, 25.8851, 26.5402, 31.134, 25.0374, 20.5822, 27.2156, 21.9477, 20.7447, 28.9633, 19.5801, 21.0691, 25.2373, 18.5355, 20.5305, 21.009, 21.6225, 19.681, 17.8698, 20.0569, 15.6248, 19.4585, 19.6619, 20.1131, 13.5119, 17.3118, 14.9623, 13.6421, 20.6236, 18.942, 11.7507, 15.7699, 12.7612, 15.3504, 11.0575, 11.0493, 7.15418, 12.1079, 10.9136, 15.3121, 4.75046, 11.4514, 7.40863, 1.79781, 2.75766, 12.27, 2.26104, 0.280929, 5.60738, 2.77789, 8.24829, -1.94763, 4.64022, -1.09838, 1.73428, -0.389051, -0.918282, 
24.672, 35.2611, 30.4858, 34.4466, 27.4694, 33.1785, 32.2803, 31.6116, 33.2145, 30.1445, 25.6637, 26.5104, 23.3439, 22.746, 23.7026, 25.6132, 27.9502, 30.9147, 27.0545, 32.0994, 28.0529, 25.6017, 25.8566, 23.6492, 23.7292, 20.7066, 26.2645, 24.7386, 23.2973, 28.814, 28.3223, 24.1253, 27.6359, 19.4898, 20.2114, 23.6849, 17.5369, 24.9125, 23.8523, 17.4289, 18.1659, 26.2076, 16.2504, 18.3894, 19.9031, 17.9491, 26.2839, 16.4354, 22.1713, 16.5657, 14.734, 20.814, 15.6153, 25.0509, 17.7499, 22.3346, 12.8159, 20.5454, 17.1453, 
25.5915, 29.951, 34.1883, 25.658, 26.8874, 23.5727, 34.0696, 32.1339, 24.2264, 32.835, 28.7364, 22.7642, 27.0752, 31.6947, 23.0682, 28.1773, 30.347, 21.6923, 23.5198, 25.8688, 20.7379, 26.4841, 25.9445, 26.3557, 26.6097, 27.9231, 22.3435, 18.341, 25.2887, 17.0434, 23.8978, 21.4495, 21.0116, 26.4526, 19.4423, 19.7804, 23.1524, 16.6602, 23.1757, 24.8439, 21.3702, 24.3354, 22.4654, 17.0598, 12.2025, 11.8315, 15.6387, 14.3779, 17.3185, 18.4986, 10.7862, 17.2087, 15.5848, 17.0231, 19.0416, 18.0558, 17.958, 15.1527, 9.62487, 
27.6792, 33.5059, 23.5936, 29.5401, 31.2456, 31.7891, 29.9296, 27.1186, 32.8661, 28.0952, 20.9018, 28.2636, 25.396, 27.6674, 23.3225, 23.4474, 23.2294, 23.878, 25.6356, 27.3443, 24.2763, 23.5404, 23.8112, 20.8636, 16.9069, 21.5761, 14.6181, 14.948, 18.6867, 24.682, 22.3914, 13.9003, 19.4409, 13.0709, 10.7505, 10.9764, 20.0395, 12.1304, 18.0864, 10.6113, 15.3643, 18.6756, 19.3187, 17.4772, 16.5993, 13.8059, 9.15697, 10.8103, 9.42373, 11.6022, 13.9429, 12.6735, 15.4575, 14.6864, 9.88177, 3.85724, 9.13941, 6.37396, 8.2564, 
30.6959, 32.6666, 34.2234, 33.1828, 34.8351, 33.391, 33.1745, 32.8038, 24.1163, 25.1895, 22.7392, 25.0529, 32.6791, 31.1964, 32.1598, 29.3805, 23.5885, 31.7861, 24.2653, 30.2981, 21.1997, 26.2385, 30.8587, 29.9837, 21.0293, 27.8689, 18.415, 19.4992, 23.458, 24.5885, 25.9576, 23.9212, 26.1886, 27.1013, 27.9835, 21.7127, 20.9579, 20.1101, 16.1708, 26.0014, 21.9504, 22.9711, 17.4637, 19.7913, 14.9894, 14.9998, 24.8499, 20.7409, 23.4144, 16.1014, 15.6811, 15.6725, 23.2877, 17.7656, 21.8166, 16.3705, 12.1389, 18.9965, 17.3203, 
32.7024, 35.2191, 30.1425, 24.2753, 28.1559, 26.2811, 26.8872, 29.7385, 28.5879, 32.1145, 28.9522, 31.6537, 23.86, 24.5025, 26.1398, 26.2832, 25.8974, 31.7192, 24.259, 31.1534, 27.6731, 28.4345, 27.9522, 23.7635, 20.1253, 24.8483, 27.4951, 24.8084, 20.7537, 24.5176, 18.5226, 22.4553, 25.5328, 19.7155, 17.4518, 17.8218, 18.3754, 18.6841, 17.3308, 20.561, 21.9886, 20.9224, 15.342, 21.9966, 23.5325, 19.1055, 20.5897, 15.386, 23.6402, 15.9688, 16.9737, 18.5537, 18.1522, 14.4306, 18.4038, 12.0342, 16.7271, 17.4144, 10.6611, 
34.7265, 28.3248, 30.3314, 33.8817, 30.8269, 23.0724, 25.805, 22.7909, 23.5405, 30.8883, 20.3569, 23.334, 28.8277, 21.3817, 22.6005, 22.6943, 28.0091, 23.4292, 21.3795, 26.4769, 21.6918, 25.0618, 16.859, 27.0924, 23.837, 16.8339, 18.2734, 24.0576, 20.4101, 21.1149, 23.7398, 13.8646, 19.3345, 15.926, 15.6037, 17.4703, 11.6338, 16.9222, 10.8077, 14.9357, 18.612, 9.54987, 19.246, 11.6953, 8.85937, 19.0428, 9.75958, 9.71633, 16.3627, 10.2879, 13.4978, 11.7727, 14.8751, 13.5205, 7.04646, 12.578, 12.1987, 11.4526, 5.87131, 
30.3433, 33.0853, 28.1304, 31.2943, 28.7193, 30.3064, 26.441, 29.9858, 25.7568, 26.601, 27.6986, 27.2333, 29.376, 31.3729, 30.5352, 24.8205, 23.1368, 24.9236, 30.3621, 29.0235, 28.7367, 19.1353, 19.3182, 22.1839, 24.3262, 21.2555, 24.2222, 24.8388, 24.3507, 18.481, 21.9615, 20.1521, 18.9719, 22.8251, 22.9884, 23.7988, 18.6096, 17.205, 17.9684, 22.9199, 21.9871, 22.7311, 18.0795, 19.1683, 20.8626, 19.8332, 16.3725, 19.7898, 16.2527, 15.4088, 16.4616, 19.2366, 14.9375, 12.6949, 16.1155, 19.8126, 17.1546, 19.612, 19.8272, 
35.8083, 31.0808, 24.7077, 33.2497, 27.5799, 32.1966, 33.5506, 25.853, 30.3115, 29.2194, 30.36, 25.5892, 31.2374, 30.4145, 26.2812, 29.5807, 25.5277, 24.4731, 30.356, 19.1684, 25.7127, 25.9389, 29.0673, 22.7842, 24.9736, 18.3744, 19.9579, 16.5939, 25.9822, 25.7796, 21.4923, 16.749, 24.3571, 19.3314, 23.4348, 25.1986, 22.3185, 22.3168, 16.4964, 14.4429, 21.7804, 24.062, 17.4021, 22.3031, 12.2972, 17.6043, 11.5379, 12.6297, 11.3922, 12.5637, 18.1073, 18.2509, 16.2639, 13.0736, 19.4776, 17.5233, 8.62927, 16.7864, 7.77301, 
29.8674, 27.6615, 30.6146, 27.4425, 26.8339, 29.238, 28.4998, 25.822, 32.0613, 23.053, 23.0456, 28.7289, 19.4951, 24.5965, 29.4584, 28.1297, 26.8267, 18.4048, 23.9112, 23.3849, 25.6631, 18.1453, 17.4871, 23.5297, 24.4851, 17.9577, 23.1677, 21.4711, 15.2007, 15.9212, 23.0304, 15.6819, 17.8628, 19.7792, 12.7465, 16.5934, 14.8605, 11.23, 13.9492, 17.0092, 17.1193, 7.53735, 11.2326, 8.13393, 5.48363, 16.2809, 5.17979, 8.50708, 13.8853, 9.96112, 5.81293, 6.93985, 13.2383, 5.07533, 1.43684, 3.34116, 7.06579, 11.3905, 4.02874, 
33.9818, 27.2921, 23.285, 31.68, 27.7519, 28.281, 22.6567, 32.0964, 23.9497, 29.7642, 26.1655, 24.6749, 25.8071, 20.0795, 20.5547, 19.4376, 26.3171, 17.2431, 26.9638, 22.2086, 22.8913, 14.4566, 19.2371, 16.465, 19.1574, 12.3113, 15.3255, 15.5311, 20.2965, 10.2174, 14.2532, 12.5136, 10.2589, 16.0944, 10.6695, 10.3584, 13.5169, 7.01341, 12.1457, 7.55469, 13.1034, 8.12204, 14.4775, 13.5727, 8.08824, 5.95543, 4.55301, 5.66201, 6.30391, 7.85468, 6.20659, 9.38928, 6.85216, -0.304955, 9.99592, -2.05036, 8.85716, 5.35315, 6.88335, 
29.3423, 32.1281, 24.4618, 23.8141, 31.1505, 23.2352, 24.2775, 32.6208, 24.863, 23.8676, 31.1555, 23.5083, 20.7931, 20.928, 24.8368, 25.3198, 22.1926, 18.0894, 20.2099, 17.9549, 21.6848, 17.908, 26.2025, 15.0832, 19.3471, 23.2372, 18.9841, 19.6937, 13.1753, 13.186, 15.594, 15.2941, 14.9552, 11.3228, 15.2279, 17.2055, 18.2125, 8.84884, 14.6275, 9.84824, 7.3641, 16.8686, 9.20517, 11.0579, 6.93668, 10.479, 5.8477, 5.09316, 7.2852, 2.71047, 7.16458, 9.4418, 6.34036, 11.0354, 5.16252, 5.05686, 3.80988, 10.0843, 4.27351, 
32.9877, 30.0992, 32.9225, 30.8276, 30.0797, 31.8821, 22.9249, 29.6492, 20.6227, 20.459, 26.6401, 29.3238, 25.9007, 24.6276, 22.6646, 25.4427, 18.3238, 26.9977, 20.7065, 26.0177, 24.8857, 16.1136, 21.0374, 18.2095, 17.9033, 14.9117, 20.8714, 22.8849, 23.5985, 21.2084, 19.9258, 19.2741, 18.7134, 18.5303, 19.5185, 9.35252, 9.62068, 17.0496, 15.5772, 16.2489, 8.5157, 18.2108, 16.02, 9.53904, 12.3627, 7.20407, 10.6869, 8.99224, 12.0358, 11.2703, 8.50924, 10.6649, 4.96722, 3.1022, 9.93147, 10.9723, 2.64308, 0.184262, 5.20902, 
33.0644, 25.0789, 30.1502, 28.2259, 32.572, 33.4217, 25.1607, 23.9926, 22.6195, 29.4509, 29.1564, 21.397, 27.6368, 25.0776, 21.5435, 18.7467, 20.512, 23.7354, 27.1869, 22.4663, 21.6936, 19.3827, 24.6394, 17.0651, 22.3373, 17.9964, 15.5294, 17.1947, 22.1603, 15.7526, 19.3264, 18.6724, 21.4485, 18.4986, 16.4257, 20.3164, 17.2196, 12.6473, 12.9051, 17.6955, 11.4457, 8.19951, 9.22698, 8.2766, 9.1447, 15.8898, 10.1395, 5.34174, 14.2398, 6.96299, 14.4851, 3.88566, 13.032, 6.37428, 13.8674, 4.16727, 13.3514, 6.92653, 11.0845, 
35.8439, 27.3117, 25.8032, 33.2674, 23.8216, 23.4497, 23.362, 27.7327, 28.103, 20.6467, 23.134, 26.8349, 22.6226, 29.0432, 24.3884, 21.9138, 23.8, 22.0418, 20.8804, 19.0675, 21.1747, 25.5782, 17.3265, 15.2914, 20.4047, 14.6934, 22.3093, 21.2724, 18.5084, 13.3795, 20.9925, 12.3809, 14.0071, 17.5225, 21.2808, 20.3268, 16.246, 16.5795, 8.34548, 18.3923, 12.1504, 10.5785, 9.44276, 17.2701, 11.1296, 9.2778, 7.68784, 12.3909, 6.05134, 6.34594, 15.0065, 7.23187, 7.09977, 11.6615, 6.82382, 6.1934, 10.5061, 2.22212, 4.65211, 
32.7365, 34.6519, 33.9412, 28.3763, 31.9747, 22.7053, 24.9317, 23.7198, 30.3256, 25.7845, 27.3811, 27.5357, 19.4807, 18.6926, 20.5734, 23.8835, 22.8247, 22.6344, 21.7956, 25.0422, 21.6707, 21.1716, 15.0793, 16.0579, 14.8218, 17.689, 20.97, 17.6723, 11.7872, 15.1355, 14.4091, 15.3131, 18.6867, 17.6959, 17.4916, 13.2318, 9.70352, 15.6554, 14.0072, 9.60566, 15.3195, 4.98005, 12.5403, 7.28974, 7.32567, 2.87491, 1.29287, 12.4691, 0.641311, 2.54455, 1.08002, 3.53005, 3.80137, 8.91888, 7.78926, 2.8971, -2.51614, 2.29438, 6.69141, 
26.2437, 25.1013, 24.1829, 28.193, 28.7497, 29.5727, 24.273, 27.766, 26.017, 23.4226, 28.8248, 30.3554, 30.0785, 30.958, 30.3753, 24.4216, 26.9319, 29.4661, 20.4766, 30.4257, 23.9935, 24.9557, 22.6837, 27.4374, 25.0909, 20.3776, 26.9509, 19.0917, 20.6197, 22.6012, 24.3555, 27.1776, 26.3216, 23.844, 22.2011, 23.7746, 17.6454, 19.5972, 21.8211, 23.4086, 21.7819, 22.8182, 19.6249, 21.2513, 21.8022, 16.0996, 25.7498, 22.9024, 19.2185, 18.1749, 16.4574, 20.2391, 17.7024, 13.9483, 19.2025, 14.4768, 21.5785, 20.6726, 17.885, 
27.7578, 33.8585, 29.8791, 25.174, 32.2736, 32.3538, 25.1131, 26.7547, 22.7785, 27.211, 24.2513, 24.4931, 28.6476, 26.5064, 21.3078, 23.732, 29.5826, 25.7328, 27.46, 28.0561, 17.7958, 21.3032, 20.0078, 19.4361, 22.9873, 27.3676, 25.7905, 16.3252, 23.785, 24.1219, 25.072, 20.5722, 24.2868, 24.4966, 17.7039, 18.9709, 14.8075, 18.94, 21.8191, 18.7764, 23.2728, 21.2833, 21.9683, 18.2793, 12.4645, 11.5044, 9.97505, 12.097, 10.0542, 10.4058, 15.0961, 16.5089, 10.0287, 9.82647, 14.0621, 9.92844, 8.38661, 17.4754, 14.6836, 
31.3393, 30.1347, 28.3742, 33.1679, 27.4447, 26.6155, 28.5819, 24.8373, 21.2914, 22.4783, 21.6108, 26.4118, 28.2141, 19.5782, 20.7727, 19.5351, 20.4902, 18.5468, 25.0958, 22.4073, 24.0209, 19.0582, 26.0449, 22.9878, 25.4132, 23.3149, 16.6201, 25.4079, 20.7637, 23.574, 24.2606, 12.9275, 13.978, 20.7242, 14.5112, 21.8427, 19.1564, 18.6254, 11.7767, 9.3563, 19.2929, 17.1622, 19.3945, 10.6337, 8.0029, 8.89006, 13.1476, 15.3685, 6.36457, 14.2476, 11.6091, 10.9503, 13.1308, 3.79641, 4.08611, 7.60807, 9.02072, 7.18348, 4.27543, 
28.0273, 33.8121, 23.8061, 32.9759, 32.0046, 30.9103, 27.6523, 32.2092, 28.1745, 21.0762, 26.4159, 29.9441, 25.2999, 23.878, 22.3611, 22.9908, 28.1635, 21.2844, 26.4871, 17.3955, 15.812, 18.4167, 22.1649, 24.7178, 14.3957, 25.0792, 22.0566, 19.1291, 22.8164, 21.6122, 15.6295, 18.1545, 12.6631, 14.7327, 19.7291, 10.6772, 13.345, 18.2896, 17.4924, 15.353, 10.545, 16.4601, 10.0944, 17.1222, 17.8633, 9.03934, 14.7474, 4.80088, 13.6722, 3.82848, 4.81263, 13.8701, 6.79046, 7.63286, 10.5016, 12.3847, 7.22965, 1.21165, 3.00735, 
35.0122, 34.2871, 26.4959, 28.2444, 27.2509, 32.2709, 28.2636, 29.2112, 30.84, 27.9931, 21.547, 29.6183, 28.7845, 29.9032, 18.347, 19.7929, 25.2672, 21.7475, 24.3986, 21.3586, 25.4363, 24.7024, 16.7196, 23.7391, 16.8183, 22.2819, 19.9793, 21.2768, 21.9152, 20.6392, 17.3451, 17.469, 20.816, 17.5159, 15.0572, 13.2495, 17.9427, 8.0665, 8.41074, 14.2791, 15.6581, 17.4044, 11.9675, 14.0101, 12.4367, 11.3352, 9.98182, 11.5551, 4.90826, 12.0552, 1.88855, 9.08363, 3.1833, 5.54762, 10.8725, -0.341912, 2.67715, 3.55312, 1.74031, 
30.6243, 24.6374, 23.7674, 29.8764, 30.6232, 29.8039, 23.4898, 25.064, 25.9614, 28.4838, 26.2418, 29.2401, 21.7043, 23.9336, 21.0399, 24.8534, 23.4604, 26.151, 23.7717, 25.1417, 19.3954, 17.0833, 26.6493, 16.6942, 21.6858, 14.2844, 13.3046, 17.9498, 12.8605, 22.8183, 20.3501, 22.3697, 21.5177, 20.1846, 15.6439, 10.1675, 16.4472, 16.756, 19.3095, 13.9279, 12.0994, 11.6054, 9.1255, 12.8718, 14.2697, 6.55363, 12.259, 14.1292, 6.41679, 6.6018, 9.19759, 11.5411, 2.55921, 13.1549, 3.72351, 11.8882, 6.18997, 10.4037, 5.10432, 
25.2456, 25.4004, 31.3194, 30.0714, 33.6054, 31.9876, 32.8357, 21.4671, 24.0974, 31.6531, 31.0011, 26.4496, 25.2765, 19.7728, 19.1767, 24.1868, 23.3321, 20.0189, 21.7469, 22.3331, 23.6274, 21.5704, 25.2817, 24.3789, 23.8052, 13.1736, 16.2371, 14.3237, 19.1576, 16.6652, 20.2736, 20.7141, 10.5622, 16.5425, 8.20463, 15.2521, 15.3489, 13.087, 8.8763, 8.84417, 15.3078, 11.3942, 5.19715, 4.02664, 10.6599, 5.35379, 13.7883, 10.2165, 5.89931, 9.59666, 8.69533, 9.34476, 0.0781684, 5.91678, 5.41168, 6.12574, -0.0451929, 1.58692, 1.74869, 
34.707, 24.5857, 34.9487, 35.0574, 31.932, 34.3876, 25.907, 28.4214, 28.4438, 25.2394, 26.0558, 24.762, 33.0583, 23.7908, 30.7995, 22.3825, 31.1286, 30.9075, 28.3799, 29.8885, 22.6976, 23.0365, 21.3532, 21.3106, 26.2641, 20.6225, 27.4061, 25.4044, 28.99, 28.4127, 19.2821, 24.6017, 26.6144, 19.5014, 22.2864, 18.9763, 25.5987, 20.6435, 16.2776, 26.9589, 18.4112, 25.4636, 17.051, 17.1733, 21.0655, 21.7191, 20.1188, 24.4549, 15.3615, 15.6732, 13.3234, 23.2585, 17.3059, 14.8466, 18.0584, 16.0857, 17.895, 20.662, 16.57, 
29.3563, 26.7933, 25.5746, 34.6341, 25.8835, 32.0768, 22.9042, 24.8517, 22.3445, 30.1753, 29.722, 29.2022, 21.9685, 23.865, 30.3951, 26.2446, 23.3496, 28.0351, 26.4431, 23.2727, 23.2027, 26.8402, 16.1719, 22.6454, 16.5949, 22.6252, 23.8802, 19.9133, 22.1216, 22.0799, 16.5545, 14.5666, 21.0823, 15.6462, 21.3005, 20.2431, 18.612, 12.2266, 16.7062, 19.1157, 19.5694, 16.7574, 19.6704, 15.7692, 18.8316, 12.6974, 13.1019, 14.9506, 15.3974, 17.4867, 15.6856, 6.29821, 5.54926, 8.29992, 11.3197, 9.07585, 12.6079, 14.7806, 3.32389, 
29.8248, 29.4065, 30.905, 25.5251, 33.8473, 28.7473, 32.4017, 21.9076, 24.1203, 21.5152, 28.9913, 21.5275, 30.4824, 22.8566, 28.262, 29.0543, 22.8082, 21.0832, 16.4936, 21.422, 16.2944, 18.2971, 18.7847, 15.6338, 13.9449, 17.9243, 17.6249, 19.7382, 22.7834, 19.6983, 17.579, 14.7572, 13.3087, 16.4542, 20.3129, 13.0686, 10.5817, 17.1728, 17.1261, 16.1239, 5.97417, 6.40702, 15.9175, 13.2782, 10.3235, 8.92536, 5.18586, 13.0707, 9.72118, 13.2721, 4.3559, 8.06765, 12.3258, 7.31648, 6.76921, 9.01282, 7.58203, -0.182931, 0.727669, 
31.9397, 35.034, 35.2023, 30.2105, 31.8701, 23.5388, 28.7568, 26.2606, 33.21, 26.2392, 25.6048, 28.5908, 23.2601, 28.5012, 29.2993, 21.2353, 23.7193, 25.7755, 22.2607, 24.2706, 18.194, 25.9774, 26.3191, 21.9897, 18.7708, 19.7411, 18.9782, 23.0857, 25.3457, 19.6988, 15.6268, 20.0828, 22.489, 23.2607, 20.2555, 18.3583, 20.2349, 12.082, 22.5465, 22.3164, 18.8408, 11.1547, 20.6449, 16.7026, 12.2091, 19.8815, 18.8601, 11.1097, 18.311, 18.5734, 15.7037, 17.2018, 10.6456, 7.11417, 15.7355, 14.6777, 15.8328, 14.5117, 8.43656, 
32.3704, 28.0604, 30.5322, 24.6215, 25.6656, 31.3995, 33.4776, 30.815, 30.8628, 28.6658, 29.2909, 28.0413, 28.0832, 27.022, 27.5586, 20.6586, 19.2049, 18.0901, 19.5322, 22.2534, 19.5037, 22.5818, 26.2295, 27.1454, 24.3109, 17.3529, 17.9614, 18.6732, 21.7597, 25.0141, 20.0145, 20.6535, 20.4057, 14.5211, 15.3026, 11.8945, 18.401, 13.2104, 18.8869, 10.98, 15.3695, 18.5258, 19.4039, 18.8454, 17.7262, 13.6505, 17.91, 18.0602, 18.2601, 12.2073, 15.61, 17.1671, 9.0222, 15.0887, 12.512, 14.1029, 8.33542, 9.14153, 12.8766, 
33.5562, 25.8012, 28.2825, 24.6181, 32.5647, 30.126, 33.7498, 33.9503, 25.2542, 25.3717, 26.097, 23.5981, 24.3725, 30.2224, 25.1639, 25.2359, 28.3239, 27.8976, 19.6524, 23.0349, 23.1902, 21.7529, 24.437, 23.8935, 20.2206, 20.5878, 23.8678, 24.4727, 17.8513, 21.7174, 18.0357, 18.3001, 24.013, 17.7622, 21.9639, 23.7692, 15.7532, 23.0135, 18.0986, 23.604, 20.0629, 24.9884, 12.893, 13.2114, 12.4428, 13.4769, 17.3588, 12.3925, 21.6531, 16.7526, 18.1517, 21.2349, 16.8587, 20.4865, 11.7533, 15.3275, 13.7422, 11.9032, 11.8889, 
28.8965, 34.7054, 34.8814, 23.6623, 34.3288, 31.024, 26.6568, 22.7226, 23.7058, 21.4891, 23.9464, 22.2004, 30.5163, 31.8234, 22.2571, 28.1295, 28.9104, 24.4463, 28.4826, 18.497, 22.7429, 23.9193, 22.9993, 28.3719, 20.331, 19.7069, 24.2581, 23.8154, 17.1252, 25.6739, 20.0975, 19.206, 18.2687, 19.9317, 17.336, 20.2016, 18.687, 24.1268, 22.0187, 18.3339, 20.8036, 21.7115, 21.3717, 16.5595, 19.5646, 22.425, 20.4981, 10.9267, 10.8012, 20.6594, 12.3483, 15.9844, 12.7761, 10.5385, 18.2235, 10.9641, 12.5492, 9.95019, 17.1802, 
33.7603, 28.0251, 27.9612, 23.7675, 28.7756, 29.6775, 26.8554, 28.2685, 22.4859, 31.5602, 22.9522, 26.7977, 30.9502, 29.1207, 25.3802, 23.6087, 24.7045, 22.4857, 27.8181, 25.4036, 26.4462, 25.7293, 24.3133, 19.4466, 27.7824, 29.3475, 21.081, 23.9031, 26.2349, 23.1091, 23.6027, 19.748, 20.4339, 24.0073, 20.4589, 24.8405, 24.0458, 23.9507, 15.411, 23.25, 20.5921, 18.5151, 20.8686, 22.4542, 15.9654, 19.3589, 16.1285, 23.699, 14.5413, 19.0952, 24.1797, 21.7127, 15.5258, 15.7883, 21.6701, 11.5866, 11.8634, 17.7309, 16.3222, 
29.4808, 32.4439, 27.3896, 25.4192, 22.9776, 25.6202, 32.2924, 22.5431, 22.8124, 26.8368, 25.5443, 25.1078, 23.0401, 23.736, 20.4873, 22.1645, 23.4208, 26.041, 27.1112, 28.7098, 18.5497, 21.4688, 17.3593, 16.7906, 25.5445, 20.5015, 20.9426, 20.6423, 22.8351, 18.9265, 22.6311, 19.1441, 15.5032, 13.8901, 23.8954, 23.1442, 15.4786, 22.6993, 12.0673, 19.0651, 19.6895, 11.4961, 19.3962, 15.853, 15.1227, 19.9602, 15.1702, 15.1424, 9.66617, 16.1378, 17.8414, 7.29751, 9.38928, 8.21904, 13.889, 5.73828, 13.3332, 7.52498, 10.2047, 
29.9618, 32.7794, 33.145, 32.6069, 23.0114, 29.1034, 30.6008, 26.7963, 23.8893, 27.4259, 31.7226, 23.5008, 29.7056, 31.0183, 24.8427, 21.1593, 28.4852, 23.4946, 29.5371, 19.7109, 18.8901, 19.4522, 24.4172, 22.1294, 25.1661, 21.1299, 24.5104, 20.3758, 26.4748, 27.359, 25.8331, 18.7923, 26.6018, 18.4685, 22.0906, 21.604, 14.7332, 15.2964, 15.6653, 13.4913, 19.2293, 15.6345, 23.27, 16.3324, 17.1214, 14.553, 22.4943, 10.4046, 21.5856, 20.2382, 20.1158, 19.7561, 13.8603, 19.0854, 19.9365, 17.6596, 17.7954, 18.2822, 10.8602, 
29.1844, 35.6161, 32.843, 24.9336, 24.8519, 28.6605, 33.0868, 28.4317, 31.9263, 22.1199, 24.8155, 30.0217, 22.1718, 27.312, 31.8054, 31.8728, 27.2996, 20.9543, 22.6605, 28.7867, 30.1492, 26.4496, 29.461, 20.7717, 24.7316, 25.5066, 29.3413, 26.8638, 24.4036, 25.3692, 21.0681, 19.346, 20.0546, 23.3193, 24.7425, 16.3943, 16.5274, 25.2545, 15.5315, 23.6766, 16.7998, 16.4438, 24.9447, 14.8019, 21.979, 17.191, 23.4739, 14.1644, 24.9277, 13.2132, 22.6686, 14.8305, 17.4526, 13.7982, 22.4989, 11.6059, 12.9306, 15.5053, 13.4557, 
30.1105, 33.9296, 33.9495, 31.1439, 26.5827, 24.1646, 29.8829, 24.111, 24.7, 22.4949, 27.4913, 27.8002, 23.5011, 28.8974, 29.5533, 19.735, 18.5279, 25.7269, 19.6087, 22.8388, 26.4012, 25.832, 17.6603, 24.065, 23.5854, 17.0985, 13.4065, 19.7763, 22.3377, 12.8671, 15.0326, 15.2702, 19.4859, 14.574, 12.385, 16.431, 16.961, 11.8272, 8.32361, 9.37277, 18.1886, 6.76408, 13.3425, 14.1838, 6.74062, 7.4053, 12.8549, 4.07575, 3.88041, 12.9518, 6.79726, 4.67512, 6.83732, 7.93936, 10.6168, 8.33011, 0.709957, 0.224141, 8.99777, 
26.4975, 31.3143, 28.5503, 31.1094, 34.2562, 32.8993, 32.8097, 30.7952, 25.1867, 21.5465, 28.8747, 29.5075, 29.9048, 25.3447, 23.9074, 26.2808, 19.8222, 25.9742, 30.1459, 22.3175, 28.001, 24.8205, 24.497, 17.3583, 17.1494, 25.3483, 26.9839, 22.5292, 23.087, 19.3554, 23.1594, 23.8546, 25.043, 22.6021, 15.1497, 17.1482, 22.9859, 18.8073, 22.7072, 12.3726, 14.0111, 13.9414, 18.1042, 19.8838, 11.0562, 11.6662, 13.3459, 12.9071, 12.5667, 15.593, 18.8025, 11.0336, 18.2495, 13.609, 7.50362, 14.3552, 11.5728, 13.8364, 13.3278, 
34.9901, 23.512, 31.3224, 33.7057, 25.8395, 24.7419, 25.0078, 22.7542, 28.167, 19.8701, 20.0614, 22.7921, 23.3165, 22.7092, 23.2982, 19.0198, 20.6995, 19.7425, 25.0988, 16.3289, 23.3913, 14.6772, 17.6601, 22.1534, 14.8987, 21.5083, 11.2952, 11.1076, 12.6077, 13.9852, 13.0587, 14.6756, 10.7908, 13.8549, 10.1934, 15.9551, 15.1098, 12.9281, 6.89805, 9.30997, 15.5663, 7.59694, 12.521, 13.2364, 3.56604, 9.31379, 5.61408, 11.2366, 12.415, 8.83944, 0.575556, 6.09379, 10.1494, -1.57518, 0.656809, 5.91872, -2.95034, 5.67347, 0.163732, 
32.4196, 30.0036, 26.494, 27.6558, 22.4996, 25.7333, 21.9773, 25.1915, 24.1323, 25.9592, 25.2632, 24.5643, 26.1198, 27.4542, 18.1205, 25.8324, 17.7175, 27.9805, 20.427, 20.1064, 23.7642, 24.6833, 24.3027, 14.1825, 20.261, 22.1873, 19.4518, 22.1978, 21.0627, 20.6954, 18.3392, 21.6867, 18.6978, 20.5599, 19.9121, 9.77234, 9.81596, 13.6251, 13.0158, 12.4766, 16.8982, 9.84385, 6.3405, 14.4266, 11.8497, 9.30006, 5.56316, 10.8903, 14.0913, 4.24314, 8.74702, 5.02664, 4.04425, 5.49359, 0.826886, 7.88918, 8.8615, 9.36671, 6.21406, 
34.786, 27.013, 34.668, 32.1062, 33.3359, 28.2087, 25.1472, 24.6253, 32.8825, 30.3093, 24.1657, 21.3097, 28.7224, 23.5511, 30.3505, 28.0259, 28.1055, 25.9565, 20.7353, 26.3919, 29.1434, 27.7809, 28.671, 18.311, 27.0955, 22.2856, 22.9348, 17.1293, 24.3503, 25.439, 24.6046, 23.4019, 26.4171, 17.2402, 25.8871, 17.2257, 24.3138, 20.1281, 15.0993, 17.1557, 17.871, 18.5422, 20.95, 21.0682, 20.1629, 19.3296, 11.0344, 11.3509, 13.3603, 17.2288, 14.9414, 20.2825, 12.8106, 8.69403, 18.0926, 16.8164, 17.1094, 10.8251, 8.75208, 
30.1675, 31.1435, 24.0182, 23.2907, 33.7987, 25.2824, 24.7392, 30.3701, 26.1213, 29.6477, 27.1461, 27.4274, 27.681, 19.5306, 24.6628, 29.6143, 24.8025, 18.8304, 27.0575, 21.9436, 25.5092, 24.0473, 25.234, 24.3079, 22.3964, 14.8849, 21.0967, 21.4341, 23.7799, 24.7581, 22.0946, 22.8741, 19.6249, 21.8965, 14.353, 18.7625, 19.5086, 19.571, 18.5593, 12.2162, 17.0939, 9.70286, 13.8799, 14.4369, 18.361, 18.0462, 14.5737, 14.9211, 12.1445, 7.57473, 12.3841, 5.37753, 8.19001, 12.4894, 9.20269, 9.58674, 9.24039, 12.8854, 9.51936, 
27.2785, 27.2675, 25.767, 30.55, 26.3835, 33.4888, 23.1674, 22.752, 27.1656, 22.7127, 25.1088, 26.7477, 29.5044, 26.1869, 19.6636, 19.3808, 20.9675, 20.063, 27.1739, 27.0611, 27.0354, 28.917, 25.832, 25.6267, 21.9361, 21.726, 18.5811, 17.9102, 16.3326, 23.3351, 19.0988, 17.129, 18.4058, 16.1166, 17.4014, 19.207, 16.111, 18.7729, 15.7, 17.0488, 14.078, 13.2367, 14.5454, 19.5359, 20.2398, 10.3568, 15.8273, 19.9706, 15.6576, 9.56392, 18.9331, 9.10485, 19.2225, 10.8289, 16.4595, 13.5713, 15.978, 14.6104, 13.9215, 
30.7172, 26.5057, 32.4956, 27.2013, 25.0852, 23.5999, 30.7385, 25.8833, 23.4837, 29.8056, 22.6377, 27.6243, 27.9066, 22.3467, 24.6368, 24.4387, 16.4883, 17.7759, 19.8928, 22.5623, 25.194, 14.9252, 22.6297, 13.3333, 20.0812, 12.6184, 14.4815, 15.2657, 13.2557, 18.2831, 16.4131, 10.1933, 15.2732, 17.7654, 12.3245, 11.5208, 12.3869, 15.0145, 11.9966, 15.2727, 6.61313, 3.63517, 5.57318, 11.7963, 6.18535, 3.04618, 13.0186, 1.34743, 4.37425, 9.20961, 4.80464, -1.11585, 2.70379, 4.70496, 5.56224, 7.39449, -3.78936, -1.56456, 0.526948, 
29.4246, 35.1143, 29.7317, 23.247, 31.7695, 29.3782, 26.5268, 25.5978, 25.6647, 25.4169, 21.4073, 20.8275, 27.251, 27.742, 28.5555, 21.6243, 19.2697, 19.6961, 20.4626, 24.0797, 26.0723, 16.6932, 16.3915, 20.5642, 22.3505, 16.6373, 22.0487, 25.7863, 18.9084, 20.8701, 22.3938, 15.6363, 12.9935, 16.2217, 18.9392, 21.353, 14.1372, 19.3202, 12.6409, 13.8917, 13.5238, 13.5661, 20.001, 13.5541, 11.5679, 12.2903, 11.445, 11.6309, 7.82471, 6.30375, 16.0248, 6.75225, 7.74784, 5.29304, 4.75806, 7.42377, 10.5746, 3.46747, 13.2374, 
29.1069, 29.9234, 26.991, 34.0267, 34.1943, 24.5164, 31.7765, 25.0077, 25.2014, 28.5866, 25.5775, 22.5503, 21.928, 28.4034, 26.8873, 21.2157, 28.9452, 27.4401, 27.878, 18.6654, 28.4578, 27.1731, 17.4041, 26.3663, 21.8856, 18.1534, 21.3278, 16.3033, 22.775, 20.83, 17.6493, 14.6471, 17.9563, 17.0681, 23.13, 17.865, 16.1532, 16.4012, 16.3658, 14.4259, 20.4702, 13.73, 18.0671, 16.2146, 7.85723, 10.3101, 17.5617, 9.77573, 16.7119, 11.1697, 6.118, 8.26787, 16.5896, 14.3696, 10.6641, 5.95287, 10.1393, 13.5425, 3.44381, 
27.6781, 25.0403, 28.9147, 28.8206, 32.2104, 31.8247, 30.3759, 22.3033, 23.9869, 25.0789, 31.1519, 21.7121, 21.3437, 31.1664, 26.9202, 26.2962, 25.5756, 31.0254, 30.1459, 30.5336, 23.8053, 25.2664, 26.7113, 23.3872, 22.8051, 18.4454, 18.5848, 18.23, 26.9051, 26.6726, 20.5436, 16.0473, 23.5418, 26.2103, 17.3434, 15.1044, 21.9434, 19.4143, 14.0723, 17.8167, 15.9758, 15.3415, 17.6208, 15.6447, 12.9077, 17.1468, 21.8427, 11.0515, 11.1602, 18.1556, 14.8296, 21.2489, 20.6554, 14.5019, 8.67804, 14.4657, 8.83946, 12.1524, 13.9088, 
29.5065, 24.4107, 25.1463, 24.2563, 29.3582, 23.4112, 23.0838, 24.4841, 24.5636, 30.6761, 31.6794, 23.6342, 23.9446, 30.4853, 23.7399, 31.5416, 26.7205, 29.2515, 21.9583, 28.8038, 23.2795, 24.6302, 24.634, 28.6846, 27.5595, 24.1915, 23.3514, 19.5615, 22.5894, 23.7881, 21.25, 25.9369, 19.6161, 18.1936, 14.6512, 14.6432, 16.1023, 14.2972, 15.1364, 16.6322, 16.9203, 23.1756, 14.675, 22.5097, 12.3265, 13.3607, 19.0299, 22.2084, 16.8761, 18.2081, 15.9421, 11.6877, 14.7295, 18.7073, 15.351, 12.1593, 11.7764, 11.2275, 16.1216, 
31.3874, 29.8134, 29.2049, 30.9179, 28.9308, 31.6563, 29.1852, 22.0846, 21.5862, 22.4088, 30.272, 25.5803, 28.4549, 27.8783, 24.5905, 18.8299, 21.2142, 18.0642, 19.8683, 26.9298, 26.415, 22.9359, 24.5127, 24.5236, 18.2518, 22.4267, 24.157, 19.6982, 23.3512, 18.6397, 13.2258, 20.9605, 10.7694, 18.3939, 18.7199, 15.5166, 12.8076, 9.21099, 11.31, 8.86791, 13.7423, 17.8673, 13.9648, 13.2912, 15.9737, 9.71847, 14.4063, 11.148, 13.2227, 6.70927, 3.65616, 9.21545, 3.51762, 1.78834, 11.6878, 5.42812, 0.228974, 11.5352, 5.19589, 
27.3171, 26.0356, 28.7766, 26.4385, 25.9161, 25.5463, 27.6862, 26.2967, 32.9207, 31.0549, 20.626, 27.9245, 23.2447, 23.323, 29.9206, 28.3974, 24.0955, 27.8805, 24.5356, 26.2752, 16.5784, 20.6403, 24.234, 17.4805, 21.7694, 26.1625, 22.8858, 16.2984, 15.1487, 20.8755, 15.5825, 17.6463, 17.2359, 17.6597, 11.1148, 15.3008, 16.3423, 16.309, 13.6346, 16.2937, 11.12, 15.7735, 11.4885, 9.73838, 9.32203, 13.3652, 17.2137, 10.7922, 17.7507, 6.33174, 16.181, 5.65143, 16.2495, 5.20833, 12.2788, 14.5487, 10.8696, 14.1952, 4.05378, 
35.162, 30.7832, 33.8476, 26.7779, 32.632, 30.9281, 33.9576, 30.0052, 32.7916, 23.6, 32.5142, 31.9689, 23.3024, 22.7402, 26.8313, 25.5989, 28.6478, 23.2952, 25.4243, 23.3326, 23.9057, 20.7421, 21.0208, 19.2621, 19.7325, 22.3661, 24.4152, 21.4322, 21.1185, 28.1015, 21.1691, 26.818, 25.7449, 24.9337, 19.9912, 22.0851, 17.1933, 20.8085, 18.6962, 15.0188, 22.5729, 17.6466, 20.48, 23.2969, 21.3594, 21.6109, 22.6783, 13.4625, 15.6654, 14.2876, 14.4733, 17.5972, 12.6412, 19.0286, 14.0204, 11.4197, 12.6292, 17.6542, 12.9923, 
34.5693, 29.6041, 26.5708, 29.178, 32.6606, 28.3769, 26.3608, 21.5263, 22.0547, 25.292, 31.7172, 20.1346, 23.4399, 28.1619, 20.1477, 23.4599, 25.8934, 26.164, 28.5439, 21.8685, 25.9376, 24.5905, 26.3719, 24.5926, 20.3677, 13.7195, 22.59, 23.2604, 20.9124, 16.5861, 20.1095, 15.7013, 20.4094, 17.4785, 15.2135, 15.2093, 14.6588, 12.1976, 16.743, 12.5412, 9.63351, 18.0138, 17.7375, 8.35061, 9.91233, 7.58997, 14.6655, 11.1449, 14.2794, 13.9323, 6.94002, 10.1656, 14.3577, 9.651, 11.6835, 10.8072, 10.1862, 12.1438, 2.37311, 
31.2754, 24.3056, 34.0683, 25.4472, 27.4222, 26.7591, 31.4696, 25.6416, 28.7843, 30.4762, 27.3744, 32.8406, 21.512, 23.3321, 20.6309, 24.702, 23.6842, 19.7228, 20.8668, 24.4763, 19.7264, 18.1501, 26.8217, 23.118, 21.1069, 25.2041, 22.0957, 17.6109, 19.0399, 18.4565, 21.7781, 16.9827, 22.1023, 15.6151, 16.914, 17.8799, 16.6925, 14.1514, 18.737, 17.7732, 19.1724, 16.8796, 13.5219, 19.5345, 21.519, 16.0061, 17.958, 11.2215, 11.3615, 18.7534, 9.79589, 19.2119, 12.6303, 11.1513, 19.9305, 13.9545, 14.8293, 15.2943, 16.2775, 
33.728, 27.3126, 28.524, 25.8777, 27.7736, 31.4229, 24.8724, 24.3725, 29.0038, 27.291, 21.4308, 25.4698, 31.1557, 23.1583, 19.0979, 27.8193, 28.2283, 25.0719, 17.5534, 21.0338, 19.2369, 18.1065, 24.9617, 24.2712, 26.3401, 15.7692, 19.564, 16.4447, 16.9154, 24.5344, 21.4713, 17.1549, 23.2617, 17.1482, 17.8326, 17.8876, 13.58, 14.3463, 20.0087, 10.5373, 12.4773, 19.6604, 19.9944, 17.3596, 12.6043, 15.2604, 16.4339, 8.4233, 7.21432, 16.1975, 9.81884, 7.75865, 10.1473, 5.94111, 4.85883, 9.53712, 7.9635, 3.26594, 3.8501, 
34.104, 27.7979, 32.392, 30.2931, 24.3285, 23.7906, 30.8649, 23.5441, 22.3596, 28.7618, 21.3985, 20.099, 22.7556, 29.2901, 19.1851, 19.5139, 17.8072, 21.4821, 26.7232, 23.7914, 15.1197, 19.8958, 14.5621, 24.4625, 23.7238, 16.4805, 15.9085, 21.0905, 18.1209, 17.7513, 10.588, 21.936, 16.0026, 17.6872, 13.8726, 19.6396, 14.3304, 10.5126, 9.5587, 12.992, 15.7734, 9.14047, 10.4531, 7.48238, 10.522, 4.98042, 5.97461, 5.52784, 13.1155, 3.3516, 7.83328, 3.31001, 7.26069, 10.0355, 1.62818, 5.11616, 6.58775, 6.94629, 3.29112, 
24.6279, 31.9323, 35.2972, 30.2747, 28.1412, 32.0077, 34.063, 29.0116, 22.9473, 26.1234, 33.0092, 25.0269, 29.8338, 28.2827, 31.7783, 20.7823, 31.2216, 19.5239, 19.5753, 29.0929, 29.3279, 21.6134, 20.3201, 29.4161, 22.3798, 19.5023, 25.9562, 19.0158, 21.0814, 27.7329, 27.3649, 24.0104, 16.9793, 24.4107, 21.4215, 25.5542, 24.9237, 23.8625, 23.153, 15.1154, 15.0034, 23.6301, 21.7044, 13.7736, 12.589, 12.6837, 17.3606, 16.8025, 13.3929, 17.1719, 18.1697, 11.3218, 16.2488, 9.59883, 13.0867, 16.2518, 13.0504, 18.7331, 16.7769, 
30.585, 27.6158, 28.1859, 32.484, 23.2883, 23.5485, 33.9241, 26.1884, 26.0472, 29.0487, 22.9901, 25.1679, 28.751, 29.8951, 21.2976, 19.9875, 29.2758, 21.4671, 21.5377, 29.8969, 20.0068, 26.6136, 21.328, 25.9993, 21.2965, 20.8538, 26.5022, 19.1425, 17.8325, 16.4739, 22.9331, 25.6265, 20.9094, 21.6187, 22.5508, 14.8835, 16.3136, 17.6413, 18.4802, 21.507, 20.812, 19.7712, 15.1227, 20.405, 18.9917, 15.4031, 16.2438, 12.1789, 15.4715, 13.531, 16.5611, 13.7645, 10.3319, 11.6633, 12.2492, 16.3824, 12.453, 17.4767, 15.7032, 
32.2096, 33.9926, 30.647, 30.9754, 33.632, 30.5443, 25.3864, 22.7955, 27.5945, 24.6719, 26.9767, 27.2901, 28.6277, 29.6414, 23.5934, 26.0943, 18.6928, 24.1568, 22.5838, 16.3747, 14.8516, 21.6001, 24.7496, 23.2977, 21.3288, 16.7986, 17.0826, 21.0528, 15.2549, 12.2563, 15.9085, 15.4992, 13.0897, 18.9297, 17.9281, 18.0678, 18.0551, 16.8878, 11.4469, 7.56077, 15.9126, 11.6012, 13.5745, 6.56842, 11.9399, 2.73129, 8.9268, 8.15836, 11.7121, 1.17232, 8.30608, -0.117786, 10.7466, 7.47699, 6.62886, 1.25219, 3.90881, 3.18627, -1.59294, 
29.6948, 27.9318, 26.9575, 26.1917, 27.9088, 28.4783, 26.8705, 32.8826, 23.98, 26.4234, 27.4549, 29.2516, 32.7012, 26.7037, 28.4083, 26.8336, 29.6949, 29.6471, 24.5459, 23.7024, 31.0647, 22.1548, 27.7423, 24.3822, 29.1417, 27.5692, 21.1145, 22.3714, 28.3728, 23.5765, 20.3049, 22.3579, 22.2914, 24.8354, 25.6458, 28.8045, 23.2488, 19.3518, 28.0225, 17.8259, 21.9438, 19.194, 20.6867, 23.5869, 24.5357, 22.859, 23.4042, 19.2278, 20.3055, 17.5259, 23.0569, 24.3678, 15.6188, 23.0707, 17.5799, 22.927, 23.257, 17.2779, 19.2189, 
33.1911, 35.5345, 27.0973, 31.4508, 24.7095, 27.4461, 31.4511, 31.5948, 29.039, 24.526, 22.2325, 29.4334, 28.3421, 26.263, 24.6708, 28.6027, 20.412, 19.1889, 25.1207, 21.6072, 22.6164, 20.7004, 21.5987, 14.1935, 24.3497, 12.6326, 20.005, 20.134, 16.2177, 17.651, 11.0074, 17.7721, 13.6053, 12.0051, 16.6986, 10.0961, 10.3253, 11.9331, 13.376, 11.2275, 8.6288, 15.2256, 12.0908, 4.82213, 13.1346, 14.9183, 7.04484, 10.1369, 2.59947, 7.27097, 1.28613, 0.431703, 7.75379, 6.44659, 0.274827, 1.98617, 8.28592, 0.0819632, 2.28097, 
30.9772, 24.951, 30.7112, 26.6005, 24.2642, 26.4414, 26.1082, 22.9864, 26.97, 25.8547, 26.2821, 30.8381, 22.0538, 28.3504, 27.3012, 21.2964, 19.505, 23.1423, 22.0215, 19.9822, 20.1416, 21.4165, 26.2226, 18.0611, 25.209, 16.9953, 23.6364, 18.3242, 13.9527, 19.0361, 19.7697, 19.6279, 9.85651, 11.2394, 15.3713, 13.7625, 13.3258, 10.9168, 17.2443, 14.6843, 17.7733, 10.196, 5.55616, 13.6933, 7.21404, 8.81322, 11.445, 12.8481, 7.93356, 5.00235, 7.47589, 6.13621, 8.10335, 9.53288, 5.41335, 0.528903, 10.4357, 9.5712, 3.69343, 
34.7136, 25.6827, 33.6973, 28.7935, 28.8608, 29.1837, 25.1854, 27.2577, 24.298, 31.4196, 28.0662, 30.7925, 25.5336, 18.2851, 20.2208, 28.3218, 27.352, 18.4775, 26.8226, 25.6711, 14.9142, 14.4479, 15.9609, 17.2606, 14.0849, 15.544, 17.6515, 21.6535, 22.3895, 19.959, 10.8564, 18.8886, 18.0232, 19.2931, 19.6038, 18.604, 9.68207, 13.0106, 10.9612, 12.6446, 11.777, 6.08845, 11.8836, 5.06625, 4.06271, 5.28268, 13.6245, 5.59019, 12.9402, 11.3733, 8.53843, 10.9559, 0.440651, 10.7765, 4.71523, 4.62937, -1.03235, -0.0132477, 2.28892, 
26.1247, 33.7424, 24.7431, 32.7798, 25.6603, 23.2999, 23.6176, 27.8573, 24.6248, 30.7659, 24.3433, 31.5233, 26.4712, 31.2621, 30.7969, 21.8115, 25.8202, 32.142, 29.2186, 21.1113, 30.2247, 21.2364, 30.6707, 30.4615, 24.1417, 28.305, 26.5608, 20.0861, 28.9113, 18.8051, 26.0699, 23.1771, 21.4645, 18.9396, 25.4494, 24.946, 21.9889, 22.6317, 17.8575, 18.8495, 17.0051, 19.2302, 26.0642, 18.2775, 16.057, 17.4775, 14.0026, 22.5751, 16.7658, 19.487, 20.4841, 14.4901, 20.0132, 12.7963, 22.1036, 11.978, 14.408, 18.4699, 13.0396, 
24.1722, 26.8842, 34.8419, 29.2775, 23.6256, 25.6234, 25.4016, 33.5066, 24.6251, 27.7983, 23.9274, 24.0766, 33.2535, 30.7935, 21.4412, 24.2373, 20.8971, 27.1303, 25.5326, 25.6788, 23.2549, 27.8165, 27.9102, 21.2019, 19.7683, 22.4513, 29.3202, 21.7103, 28.5421, 26.8809, 18.4264, 18.7985, 27.5608, 26.2388, 23.8501, 16.6442, 16.9417, 24.3398, 15.6341, 22.2798, 25.5576, 19.2969, 15.992, 21.6935, 15.7784, 20.0558, 15.1054, 23.3554, 19.1207, 19.9936, 15.742, 16.128, 23.3637, 18.1996, 19.0409, 19.4196, 16.1165, 16.6219, 22.5466, 
25.1641, 24.8029, 29.5516, 32.0338, 28.5656, 25.945, 32.9917, 30.6476, 21.4482, 30.3762, 26.0083, 29.4802, 24.4718, 26.509, 18.5302, 19.1058, 22.8913, 25.2142, 23.8968, 20.195, 19.3054, 23.4012, 19.2099, 23.4658, 16.7727, 20.0778, 25.0109, 16.8918, 16.899, 23.5943, 18.861, 17.8279, 15.2193, 18.8675, 17.1333, 21.6748, 18.3208, 13.7796, 15.5285, 13.3691, 16.8993, 13.2167, 14.3181, 13.4884, 11.3903, 15.8797, 11.366, 16.461, 12.3333, 14.6903, 8.4279, 9.26865, 3.81746, 11.7, 10.0499, 12.3603, 8.75875, 4.25425, 12.4269, 
25.3855, 33.7287, 34.7253, 26.62, 27.9633, 27.3849, 22.7025, 32.2296, 28.43, 28.1527, 32.5079, 31.2571, 28.7405, 27.7997, 29.7606, 21.3039, 21.8092, 24.2523, 24.495, 27.009, 28.2028, 27.3317, 19.3571, 22.3173, 17.9815, 23.9951, 19.1213, 17.7574, 23.3979, 20.7829, 25.1818, 24.3082, 20.1711, 22.4566, 16.9156, 20.5779, 15.4169, 16.3948, 24.0616, 19.9421, 16.2089, 14.263, 15.2475, 15.3951, 16.0238, 15.9643, 19.6772, 19.0959, 22.0127, 19.5817, 14.5779, 10.4621, 19.6844, 14.5162, 19.4824, 9.79587, 18.272, 9.33937, 14.1822, 
24.6305, 30.1956, 27.9076, 25.8944, 23.276, 26.1622, 24.5246, 27.5852, 22.0408, 29.0644, 28.4661, 25.5631, 30.1851, 30.539, 24.6159, 23.3467, 24.255, 25.3261, 20.9828, 26.2497, 26.6494, 17.7266, 24.809, 18.283, 25.9981, 21.317, 26.8869, 22.7514, 19.4889, 17.6993, 24.532, 22.8023, 18.0885, 14.545, 23.4309, 17.5519, 18.0339, 12.2901, 12.7166, 14.1295, 20.2014, 19.7348, 9.91965, 14.6629, 16.4988, 12.1354, 13.7183, 15.1334, 12.8528, 8.14566, 9.26186, 14.9731, 7.9414, 14.7936, 8.39829, 6.19079, 9.2694, 4.82186, 4.84264, 
33.9476, 28.6465, 28.6307, 24.1025, 28.6238, 27.0976, 29.6932, 22.4303, 23.5246, 32.1073, 25.8565, 26.0993, 21.8227, 30.7098, 24.249, 30.8167, 27.2363, 21.1805, 19.8013, 28.3645, 20.3812, 19.303, 26.0885, 17.8592, 22.7642, 18.3083, 28.5453, 21.2634, 27.681, 23.2024, 27.3876, 22.306, 16.4992, 21.4736, 18.7011, 18.7056, 20.0893, 22.9158, 20.8645, 22.6173, 22.719, 18.5386, 18.8342, 18.7083, 17.1377, 15.3623, 17.6883, 15.6039, 20.2019, 21.1325, 17.7934, 19.6144, 20.8373, 15.4242, 18.7589, 18.355, 18.6462, 9.79881, 8.94064, 
33.417, 27.9357, 33.7458, 34.364, 22.9147, 27.5904, 28.2597, 27.6302, 24.342, 31.7961, 25.352, 21.9991, 27.9076, 25.6568, 28.0484, 19.0704, 26.8686, 17.1831, 18.8791, 21.4822, 24.2447, 18.6632, 23.2882, 24.6824, 16.8947, 23.7329, 17.4849, 18.1212, 23.5218, 21.1299, 15.0255, 15.8024, 12.5825, 19.9437, 10.6217, 9.76449, 13.2522, 19.0468, 19.2028, 10.8319, 12.7362, 15.8434, 9.0538, 10.0422, 7.30302, 11.0966, 15.1895, 13.05, 14.8977, 8.69931, 3.16372, 4.98464, 7.58517, 3.24965, 10.129, 10.0966, 4.86615, 2.43136, 0.981456, 
30.6731, 28.2793, 24.7474, 27.5423, 30.0923, 27.1131, 30.019, 27.5623, 27.6545, 26.8026, 26.1861, 28.2573, 25.2718, 24.9788, 28.3059, 26.7864, 18.7785, 18.0463, 17.227, 20.0003, 24.9644, 23.8665, 17.4464, 19.0443, 15.1911, 23.7073, 20.0649, 23.2888, 19.1825, 19.3787, 17.4494, 20.1268, 18.8272, 10.3901, 13.0987, 11.0317, 15.919, 14.8453, 8.59493, 10.0859, 13.9968, 11.1116, 11.6386, 15.3707, 9.42033, 8.21002, 6.87632, 7.73456, 8.60638, 1.63292, 5.72122, 1.38036, 10.1265, 10.5025, 8.5813, 8.27508, 4.68996, 0.908005, 7.72181, 
28.237, 25.2148, 29.3787, 23.3101, 27.4289, 22.1189, 30.6925, 26.182, 31.1865, 25.2456, 21.6425, 23.5807, 27.564, 29.0278, 28.8273, 20.3233, 19.0171, 17.5024, 23.6449, 24.8531, 25.7899, 15.8203, 15.9372, 22.5046, 17.2185, 21.0762, 16.3288, 17.7904, 21.0186, 12.8804, 12.0343, 12.2217, 16.845, 21.4863, 10.6549, 18.8171, 20.6187, 20.7113, 19.9809, 15.9045, 14.0464, 8.52015, 18.3202, 13.5702, 17.5245, 6.40917, 11.9998, 15.0261, 8.98792, 15.5729, 5.92907, 10.1569, 10.9641, 9.94033, 7.93756, 12.1415, 12.2877, 4.0683, 1.07991, 
35.7396, 29.0285, 26.5168, 23.0945, 26.2843, 25.5625, 26.4271, 24.33, 27.4413, 20.8124, 29.155, 25.1076, 27.4227, 23.0963, 24.6975, 28.6247, 18.8546, 17.8104, 16.6391, 18.4717, 25.8213, 26.1718, 15.8806, 21.0575, 14.3687, 20.2499, 20.2967, 17.7351, 13.2265, 13.5329, 21.2986, 16.8624, 19.4683, 14.547, 12.1147, 12.4137, 15.8753, 18.3861, 14.7075, 7.01546, 11.636, 12.4594, 15.9026, 6.51846, 12.0027, 14.8836, 10.1466, 7.54174, 9.02582, 1.49869, 3.36798, 5.44365, 7.28467, 4.65956, 6.89827, 8.04524, 8.27747, -0.8757, 8.28877, 
31.1376, 24.7448, 28.6682, 24.8212, 22.9991, 30.4754, 25.1584, 21.7782, 23.1373, 22.2747, 29.621, 27.4721, 21.3204, 25.7653, 22.5151, 18.7878, 25.252, 28.279, 28.5729, 27.5304, 24.6246, 15.9972, 24.9298, 20.4417, 21.6605, 16.1927, 14.4528, 17.6462, 20.2241, 23.1094, 14.9542, 18.2162, 15.9836, 16.9387, 21.8254, 17.5109, 12.0791, 14.5883, 19.6714, 9.87548, 18.5478, 12.7457, 16.2494, 8.66085, 11.8186, 14.6308, 17.8635, 13.2443, 17.1012, 12.9645, 15.7822, 15.1848, 13.2165, 12.2548, 11.1286, 9.2859, 3.18458, 11.0607, 3.41232, 
27.0119, 29.9452, 30.6532, 29.6043, 26.8086, 26.9231, 23.2535, 22.23, 20.9861, 28.3881, 24.8389, 24.7217, 19.8703, 19.9859, 22.5913, 20.57, 27.3096, 24.9336, 17.0405, 20.2459, 17.8174, 23.6925, 23.8948, 15.1064, 16.2029, 23.4176, 23.6217, 15.8307, 19.8561, 21.8596, 11.0828, 19.3448, 15.2568, 13.5007, 14.7298, 18.9164, 9.35319, 11.2256, 9.02919, 9.66589, 14.5311, 14.711, 10.7968, 7.92504, 16.1162, 7.13834, 6.33296, 12.6102, 5.52019, 7.67498, 12.0797, 11.2762, 11.7172, 8.63025, 11.959, 7.15758, 9.59182, 5.23617, 1.90397, 
34.0222, 32.2001, 30.3122, 27.1612, 26.4701, 27.4903, 28.9346, 34.2685, 31.178, 23.5314, 22.8958, 32.8765, 25.4165, 23.8834, 20.9112, 28.906, 21.584, 27.222, 21.6238, 24.3622, 25.8671, 20.4947, 29.6256, 18.9187, 28.9802, 20.233, 23.2726, 23.7426, 20.3422, 19.5043, 25.0846, 20.2572, 23.0466, 16.8605, 22.4176, 19.1377, 20.654, 20.8718, 21.5548, 19.8727, 25.8679, 26.1012, 18.9999, 14.1556, 17.7151, 22.5731, 16.6961, 13.9299, 21.3584, 22.5597, 21.3817, 18.7282, 21.0722, 22.3388, 22.4402, 11.4273, 16.6004, 15.1179, 20.822, 
35.0966, 33.1028, 28.9347, 27.8615, 34.0126, 22.4776, 23.8626, 22.9774, 26.8128, 25.5049, 28.3907, 29.0207, 27.4627, 29.3677, 23.8192, 26.8658, 24.2003, 18.0514, 25.5766, 25.9572, 20.051, 14.7552, 17.6556, 15.8252, 23.3505, 21.5755, 14.7377, 15.8648, 20.2434, 13.2671, 10.2116, 10.167, 15.2671, 15.5423, 7.51216, 17.461, 15.5546, 15.5886, 13.3083, 10.7625, 8.66552, 12.0228, 9.47595, 8.98736, 14.1481, 12.1311, 11.012, 6.98596, 6.13932, 6.85374, 10.225, 6.09797, 3.70608, 8.11839, -1.39903, 4.21189, 5.90127, -1.51052, -0.971271, 
28.0945, 29.2517, 29.2025, 23.7788, 33.3754, 25.3099, 24.0606, 32.7906, 27.9607, 28.6136, 28.4668, 24.9699, 21.4395, 21.961, 29.2361, 23.6599, 22.4952, 25.9383, 23.2558, 24.7159, 29.8685, 19.2291, 23.4089, 28.3671, 28.5159, 23.8428, 27.0123, 27.1104, 21.4223, 23.2155, 28.368, 17.6919, 25.2431, 24.9222, 18.648, 27.0239, 24.134, 20.1883, 18.6108, 15.5424, 14.5142, 19.5753, 15.1691, 20.8684, 14.7848, 13.291, 15.7768, 20.2232, 16.3171, 23.4673, 19.4515, 18.8633, 14.4655, 12.6258, 22.1343, 11.4373, 11.6819, 20.2316, 11.6398, 
29.4055, 24.3264, 33.5648, 28.0234, 28.5793, 22.8407, 31.4155, 24.7897, 22.6877, 27.8992, 26.9392, 26.6347, 25.6945, 22.9756, 23.7026, 22.5101, 29.6712, 28.7355, 23.2183, 27.9329, 30.1872, 22.3551, 27.828, 23.6835, 19.1946, 26.5488, 27.8226, 26.0426, 28.5165, 22.729, 22.7973, 18.2025, 24.2575, 22.598, 24.9871, 19.9862, 24.0409, 24.7849, 22.3876, 25.51, 20.7985, 22.3693, 17.8565, 25.7601, 24.8453, 16.5376, 13.7158, 14.174, 24.5703, 21.7077, 21.9493, 23.7401, 21.0359, 17.3739, 17.6371, 21.5127, 21.0558, 12.5057, 11.9985, 
35.8373, 32.7946, 30.5131, 31.7084, 34.4542, 29.156, 32.7133, 23.5964, 22.4118, 28.8727, 22.3509, 24.9384, 29.4798, 24.7559, 21.3034, 23.3176, 23.5108, 26.6263, 25.3323, 21.9594, 29.3138, 19.0526, 30.092, 23.3793, 28.7962, 21.7695, 25.8534, 22.6446, 24.7966, 20.0162, 21.4891, 21.1572, 19.3002, 19.3594, 19.882, 17.7018, 23.7338, 16.3124, 17.3248, 23.7821, 20.494, 18.9899, 21.2792, 23.881, 17.4742, 17.3956, 14.6654, 23.933, 18.4765, 13.5242, 17.4733, 12.3863, 15.1768, 10.8764, 17.4471, 13.2322, 16.0543, 13.3942, 16.8876, 
32.8419, 30.5906, 24.2451, 27.1099, 27.1874, 22.5099, 31.6122, 24.0758, 30.9183, 21.6329, 25.9808, 27.0536, 28.6944, 22.3045, 28.9285, 23.6589, 26.9835, 18.9701, 21.5888, 26.6631, 28.6976, 17.5878, 20.2201, 23.2795, 18.3831, 27.4142, 18.1144, 24.5893, 20.0076, 15.496, 15.336, 19.9484, 18.6463, 16.7662, 14.8263, 20.256, 24.709, 21.0817, 13.8329, 18.9906, 11.8434, 22.6398, 13.6018, 18.7915, 19.1882, 21.5652, 16.1151, 12.66, 16.7483, 14.1459, 18.7891, 19.4226, 17.0956, 14.2108, 12.012, 14.4049, 8.10312, 9.75679, 14.501, 
24.4315, 25.7824, 35.2561, 26.6998, 27.0166, 34.4813, 32.315, 33.2189, 25.4095, 32.4956, 21.7881, 28.3664, 29.8212, 30.9363, 31.6188, 27.262, 28.9518, 27.7035, 25.6918, 18.8191, 23.2833, 29.4444, 25.9763, 21.9797, 20.319, 19.1981, 24.5807, 26.1567, 16.2218, 25.0294, 26.0366, 22.3221, 18.3629, 17.7793, 24.6425, 24.3427, 24.9368, 21.8597, 16.5224, 22.2766, 16.1608, 22.8283, 19.6984, 19.927, 17.6032, 19.5691, 21.3295, 14.1293, 13.402, 21.4113, 17.9483, 19.9437, 10.582, 13.1161, 19.7182, 11.2592, 8.16121, 12.9588, 16.0723, 
24.3533, 32.4537, 30.1623, 25.9671, 28.9761, 22.368, 31.4001, 24.988, 31.0431, 27.8945, 31.5241, 30.4338, 29.0218, 23.064, 25.6775, 22.4059, 23.5777, 20.5268, 22.2127, 23.4436, 26.9127, 14.9626, 21.4433, 25.3975, 18.9186, 13.8473, 21.1135, 16.637, 23.4948, 20.578, 20.3911, 13.6966, 15.1108, 9.44602, 12.2236, 19.525, 9.46248, 10.1514, 8.05892, 17.0121, 12.1974, 16.452, 12.5749, 16.2184, 11.095, 5.10706, 4.45192, 11.2855, 10.5764, 8.33704, 9.29436, 9.84957, 5.12968, 8.53378, 7.8735, 2.97256, 10.8578, 7.57085, 6.46623, 
30.3437, 27.5045, 27.6812, 30.4553, 24.6478, 28.7398, 33.1153, 23.427, 21.7956, 30.9214, 21.1858, 22.1884, 25.0326, 26.0609, 28.6734, 28.369, 24.4704, 28.7386, 27.0018, 28.0525, 17.8439, 27.3788, 27.8012, 25.5583, 24.987, 26.5504, 23.6938, 18.0178, 15.1925, 25.7381, 23.3975, 23.9378, 21.5711, 14.6873, 13.0533, 20.2222, 12.6165, 11.2593, 18.6379, 21.1704, 11.6903, 17.3371, 17.1382, 9.52765, 10.5604, 14.9921, 15.7427, 13.2759, 11.2816, 10.8024, 10.6332, 14.1697, 7.2796, 9.88034, 12.2622, 5.77023, 9.29709, 11.7296, 5.1297, 
27.3432, 26.4136, 23.7133, 23.3798, 31.7596, 29.8503, 25.9467, 22.3783, 22.5511, 21.8173, 27.4702, 31.4698, 22.7185, 24.9992, 28.1113, 22.0138, 19.1516, 20.847, 22.5085, 18.6317, 26.6906, 17.6091, 26.1597, 16.5502, 24.7361, 19.39, 13.315, 19.0185, 14.968, 16.9505, 18.2757, 17.6866, 21.5503, 18.6756, 19.9376, 9.57349, 17.6595, 13.7809, 17.5686, 17.917, 8.84436, 18.555, 13.9173, 18.001, 16.3785, 13.4829, 12.824, 12.0112, 10.63, 6.26546, 12.1544, 9.62529, 6.89857, 4.52585, 2.95955, 1.94922, 12.7417, 0.849901, 3.81986, 
31.8512, 34.2361, 34.814, 23.2164, 34.4976, 24.876, 22.6843, 32.6369, 32.3291, 29.0549, 25.6756, 31.4081, 26.0268, 21.89, 24.5048, 28.2669, 22.4074, 22.2347, 19.1878, 27.9187, 23.177, 19.6171, 27.1141, 26.2855, 22.6422, 18.7147, 17.3133, 16.6841, 20.766, 25.7528, 18.9411, 14.8252, 15.8507, 23.8351, 22.315, 20.2915, 19.3308, 14.292, 18.8216, 18.6474, 20.8642, 14.618, 14.6194, 14.0314, 18.4041, 17.8932, 15.5054, 15.8982, 17.3663, 20.8492, 10.3944, 17.8848, 17.3155, 17.1813, 10.9447, 12.7998, 10.6177, 15.1344, 18.3529, 
30.2747, 29.1253, 29.6897, 25.5482, 27.0979, 34.1485, 25.2489, 26.186, 28.1955, 29.1789, 21.6152, 29.5611, 24.0293, 24.0102, 27.8176, 19.7116, 23.1028, 21.0358, 19.1497, 21.0515, 23.0602, 25.2367, 17.0055, 22.8267, 22.2329, 17.0657, 15.3115, 26.8371, 22.3735, 23.9614, 20.1694, 20.2561, 15.4312, 23.1483, 18.08, 18.3264, 13.4074, 16.0202, 19.0145, 14.8513, 17.8805, 18.7887, 13.7794, 21.3651, 12.3036, 20.9104, 16.0106, 8.83626, 18.0663, 16.9555, 16.1972, 17.012, 8.62362, 7.00933, 6.05088, 16.6404, 11.4795, 11.1053, 8.91041, 
25.2342, 30.1412, 33.3545, 31.9949, 34.1381, 29.5591, 30.1461, 23.0317, 30.9778, 31.9977, 29.0209, 22.8874, 27.2215, 22.1893, 24.3894, 28.031, 28.181, 18.0944, 23.1295, 22.0669, 16.1861, 26.6197, 16.4897, 25.4254, 25.6269, 24.5529, 20.7388, 23.0557, 18.4429, 20.7455, 18.4704, 21.6823, 20.6943, 20.9258, 11.5196, 12.8914, 12.1979, 11.3362, 17.4035, 9.3796, 17.8332, 11.2102, 15.6798, 14.853, 12.8323, 9.4515, 13.06, 10.6872, 6.42355, 16.0313, 5.04388, 12.3613, 12.4092, 7.36265, 2.91396, 14.0501, 6.32247, 8.20207, 12.1495, 
29.4036, 34.9917, 32.7926, 24.6805, 30.2164, 30.135, 28.1863, 30.7717, 26.1793, 26.2206, 19.8351, 19.6399, 24.1877, 28.539, 28.256, 19.1186, 27.5648, 25.3612, 15.6888, 18.3806, 25.9763, 25.7234, 14.9163, 22.184, 14.6973, 21.1752, 16.8884, 22.5051, 21.0456, 22.2931, 19.1168, 17.2963, 13.5217, 13.8994, 17.1284, 7.54818, 8.3841, 15.874, 16.0611, 6.12791, 8.53994, 9.27891, 13.1356, 13.6461, 5.25602, 10.9403, 4.03417, 6.84536, 2.45611, 8.08277, 12.0496, 3.07011, 5.31799, 0.0562239, 0.499951, 5.64776, 5.13304, 3.14431, 4.20753, 
29.4863, 32.5188, 29.1763, 29.3063, 25.4796, 27.3296, 27.2749, 34.0207, 22.1133, 21.8338, 32.3554, 27.0557, 27.8621, 25.0213, 28.5213, 28.8926, 20.7954, 26.2592, 30.2634, 30.2359, 28.547, 21.6194, 23.0259, 27.4274, 29.5951, 22.7472, 28.3543, 21.0305, 25.1914, 23.0726, 20.2534, 27.6019, 23.6058, 22.5174, 15.0143, 16.278, 21.2883, 25.342, 25.0332, 24.7516, 23.4501, 16.0147, 18.3906, 17.318, 20.1962, 20.2778, 19.9341, 16.3151, 20.876, 15.6365, 14.3109, 21.5087, 14.659, 15.0321, 15.3237, 20.1225, 20.1629, 15.7328, 10.1848, 
33.1144, 26.6914, 25.7253, 30.4045, 29.5868, 31.1791, 31.1421, 20.8126, 21.8706, 25.732, 22.932, 21.8242, 25.4164, 24.6159, 23.1239, 19.5583, 27.5362, 18.3102, 16.5238, 16.3817, 24.4254, 14.3574, 22.2045, 16.4925, 17.7859, 18.913, 17.9895, 19.3273, 12.0377, 16.538, 14.6208, 9.14273, 10.9884, 11.774, 16.7642, 7.31679, 6.8178, 9.54447, 11.1129, 7.26489, 8.38203, 9.96114, 7.53571, 2.91175, 5.42689, 2.87478, 8.80213, 2.8077, 11.9813, 1.64814, 7.0276, 0.174981, 1.28478, 5.22474, 2.70788, 7.56332, 7.8913, 0.175348, 0.0832371, 
30.4612, 29.172, 32.5098, 29.7274, 23.8344, 26.0907, 23.735, 23.1105, 31.7255, 22.9296, 31.0508, 23.3209, 27.1882, 18.231, 22.9514, 21.9442, 25.3884, 26.8089, 20.7333, 16.5758, 23.5578, 20.7329, 18.3464, 24.1526, 16.6486, 16.2341, 17.9854, 11.7722, 19.8727, 19.6216, 19.3654, 14.6082, 11.2647, 20.6043, 11.1797, 18.6428, 14.2458, 10.8296, 7.23503, 10.1942, 16.7308, 11.4697, 7.31103, 10.611, 6.92379, 3.44007, 9.46513, 4.7637, 2.83809, 8.80697, 1.95951, 2.8637, 6.72767, 0.368986, 1.37415, -0.166977, 2.1253, 8.30606, 4.90753, 
32.991, 24.2543, 29.5469, 30.3613, 23.746, 30.6823, 32.6023, 22.6777, 33.2909, 25.5171, 32.7442, 27.3867, 22.1522, 22.7668, 30.4466, 29.8876, 31.5528, 20.8151, 31.4096, 28.5734, 25.8493, 25.3732, 27.3428, 27.8043, 23.4122, 25.3564, 21.7065, 28.3684, 18.4523, 18.3254, 27.0875, 18.8102, 20.5705, 19.6905, 27.0623, 25.1625, 27.3976, 19.9499, 21.7513, 17.9038, 16.4337, 16.6895, 17.5563, 22.4659, 24.1528, 25.4548, 20.1164, 15.5205, 25.4551, 15.7192, 23.34, 13.5372, 18.46, 12.9931, 17.4517, 20.0691, 15.6855, 12.4633, 20.9357, 
30.8171, 28.0794, 24.6279, 23.9332, 28.6604, 25.7043, 27.5007, 23.5134, 30.3771, 27.5951, 22.9376, 26.6836, 25.2081, 26.8342, 22.931, 17.7319, 17.5442, 24.1674, 25.6018, 19.2691, 14.9781, 17.2233, 18.9624, 22.2813, 17.0349, 23.7888, 14.8775, 18.113, 10.9805, 11.661, 14.331, 19.9421, 11.1751, 10.7139, 15.6747, 15.4683, 16.0096, 14.9722, 15.1011, 15.1312, 15.1543, 10.4921, 14.7537, 5.22246, 5.39285, 13.6057, 11.7748, 6.30722, 3.36983, 10.1068, 7.77903, 10.2085, 1.49295, 4.82216, 0.0189295, 8.01917, -0.278892, -0.0486482, 5.75672, 
32.1515, 25.8943, 31.4468, 24.3034, 34.8277, 30.5989, 24.9039, 25.9072, 31.5251, 22.8009, 30.235, 22.536, 29.7998, 31.1458, 30.1842, 22.3677, 21.5713, 24.4828, 25.6565, 29.5775, 27.7878, 26.0646, 19.5227, 28.2517, 27.8534, 19.9153, 22.2536, 21.1315, 25.3958, 25.7804, 21.1055, 21.2823, 26.6284, 15.132, 17.0141, 21.1337, 14.4105, 20.5722, 22.7793, 17.4731, 19.161, 14.846, 18.4085, 20.5789, 20.7686, 20.1037, 21.9219, 17.7809, 11.2776, 11.5917, 18.7971, 12.1597, 12.6644, 16.2435, 16.6527, 10.4079, 18.4884, 18.4867, 16.4774, 
31.3466, 28.2446, 34.2753, 29.885, 30.5727, 32.373, 24.0311, 24.0567, 24.0991, 23.7766, 28.9931, 29.8534, 26.4851, 29.2446, 28.1447, 22.5279, 20.3898, 20.5696, 27.9208, 18.7861, 22.1442, 20.1633, 17.6157, 19.5406, 20.3424, 22.0605, 21.3582, 23.9507, 13.4466, 12.9735, 18.4063, 17.3493, 17.4248, 11.0413, 14.9124, 10.1469, 16.7306, 9.84509, 14.8402, 18.2828, 18.4262, 10.059, 16.7595, 14.1866, 14.3007, 14.2774, 12.8234, 15.5741, 10.7891, 10.9568, 8.36116, 4.11596, 3.73244, 3.50793, 2.28789, 9.76838, 9.66064, 2.18318, 6.93302, 
35.4389, 24.1039, 27.345, 28.9824, 34.4881, 27.9524, 32.55, 25.2548, 29.1884, 24.766, 29.2351, 20.5195, 19.7454, 27.3064, 29.2262, 27.5098, 21.8793, 25.1986, 19.4699, 19.3733, 19.3708, 26.5191, 19.2701, 18.1835, 24.9264, 15.0816, 17.4017, 14.3512, 22.6177, 22.3426, 22.6272, 15.1356, 16.3852, 13.4787, 21.9137, 21.0717, 18.0245, 15.1782, 19.7148, 11.9191, 18.6495, 16.2416, 12.7828, 17.7098, 17.7149, 8.37173, 13.7016, 7.53667, 9.19026, 11.098, 13.7137, 8.59462, 11.0058, 15.0312, 10.0609, 7.61339, 13.2946, 12.2918, 12.4776, 
34.887, 32.4731, 31.9591, 28.8336, 29.6574, 26.1797, 25.3045, 22.5465, 22.4446, 27.1338, 27.9863, 30.7601, 26.5715, 28.4632, 27.513, 27.8298, 25.5591, 28.9388, 29.1516, 23.2954, 29.076, 23.0652, 20.9811, 23.8309, 26.1567, 22.5912, 25.1755, 25.2925, 28.6013, 24.0847, 22.3065, 24.7274, 18.4147, 23.7242, 22.7894, 24.1259, 16.2566, 18.0085, 24.135, 15.7787, 24.604, 19.3478, 19.8356, 17.2888, 14.4621, 13.2031, 15.1357, 13.7276, 22.1826, 18.0942, 22.9905, 19.3968, 19.8402, 18.72, 19.5318, 20.4052, 10.7802, 17.7403, 12.837, 
27.9193, 27.0722, 29.1562, 29.6406, 25.4011, 27.7293, 33.3794, 31.5525, 22.5289, 22.002, 28.3321, 22.081, 27.3716, 23.1747, 24.1321, 19.5037, 25.7138, 30.2552, 28.3204, 29.6174, 29.2198, 23.3708, 25.0809, 19.3355, 23.7811, 17.9405, 18.7848, 22.2014, 15.4729, 18.5668, 17.3943, 15.2046, 16.5523, 20.4229, 17.7686, 18.5123, 12.4932, 19.4073, 12.8058, 21.4043, 17.2232, 22.4157, 22.2946, 17.5641, 16.8903, 18.9993, 10.9829, 17.7343, 17.6279, 14.0571, 8.59875, 10.0365, 9.67112, 10.6336, 18.5627, 12.7214, 15.1715, 6.37333, 6.06895, 
32.6914, 29.2313, 25.8049, 24.9521, 25.9552, 24.0833, 24.7563, 30.0422, 26.7933, 27.4313, 26.7764, 30.8843, 30.3892, 25.7621, 29.9405, 22.2592, 31.2335, 20.8991, 30.7823, 26.6039, 28.1765, 28.3758, 24.6597, 22.223, 18.6972, 23.9395, 17.3301, 18.3593, 21.8653, 20.5652, 18.0316, 17.2929, 19.0701, 19.1419, 14.4425, 18.7685, 20.4631, 15.2154, 20.1455, 23.5021, 13.8183, 21.543, 14.4743, 22.6142, 15.7923, 12.0868, 21.8015, 13.9704, 18.3879, 11.9257, 17.7769, 20.2378, 14.5013, 10.0835, 17.8739, 17.2832, 15.6934, 16.0223, 11.6904, 
26.2727, 31.2289, 29.7408, 34.2078, 33.3289, 33.6097, 31.0716, 22.5296, 28.5874, 21.1298, 23.5573, 28.078, 27.5457, 25.8247, 18.4541, 25.9026, 24.4479, 24.003, 23.1994, 22.1578, 17.7109, 23.9216, 20.5496, 15.9133, 17.6992, 13.8826, 17.494, 16.3595, 20.6789, 11.7902, 18.4239, 10.4925, 11.0013, 17.9941, 11.673, 11.0144, 11.4369, 16.1966, 16.4348, 7.33085, 15.0886, 16.7791, 14.4489, 9.55112, 11.3309, 10.5639, 5.99189, 8.3691, 11.4018, 7.86494, 2.52577, 4.6316, 9.33515, 6.77215, 3.01827, 3.67469, 0.454739, 5.36246, 6.94501, 
26.1482, 30.8284, 27.1216, 31.7969, 26.8118, 24.6808, 31.3791, 22.0465, 22.0336, 24.293, 30.875, 22.4931, 30.8887, 19.1674, 19.1992, 27.6955, 17.3703, 27.6476, 23.8424, 26.4933, 23.6347, 23.5766, 20.8837, 18.7861, 18.8976, 18.0908, 22.0207, 20.674, 23.89, 12.646, 18.4484, 17.7315, 17.8974, 14.679, 13.5982, 12.6892, 19.8319, 12.4893, 9.74459, 18.9896, 18.8195, 16.5173, 12.0243, 14.1313, 13.3935, 15.473, 11.1404, 5.09371, 15.2645, 14.6508, 8.29928, 3.16253, 12.0389, 4.8927, 7.55165, 12.3151, 9.58147, 5.46155, 2.9842, 
30.8314, 31.9645, 31.0937, 29.7727, 31.5375, 23.6594, 31.4132, 27.3876, 27.8315, 28.4347, 32.4413, 25.239, 22.7223, 20.3257, 24.5093, 20.2113, 19.6383, 24.8458, 22.2237, 25.9531, 27.8416, 26.0366, 19.9267, 21.4899, 25.5593, 24.4278, 23.8868, 18.595, 24.1054, 20.6542, 18.7137, 25.6805, 21.2829, 18.3744, 20.2776, 16.88, 23.4373, 13.7654, 12.4613, 21.0189, 20.7144, 17.0994, 16.3009, 17.9834, 10.6646, 13.5196, 16.6281, 9.87368, 14.9148, 16.8165, 18.8493, 14.6247, 15.5761, 15.0189, 9.10473, 12.5525, 8.81479, 9.74044, 6.20328, 
35.3258, 27.6795, 31.4366, 24.8255, 26.8885, 31.2295, 24.7069, 24.8145, 28.5994, 29.3596, 31.7395, 25.9837, 35.1201, 25.9859, 34.9615, 32.3359, 30.1722, 28.6115, 33.5874, 35.2112, 30.668, 31.745, 34.6949, 35.5461, 33.4754, 27.7038, 34.3589, 35.7896, 29.1378, 33.135, 35.8513, 28.9296, 8.17668, 13.2678, 9.46672, 14.0368, 16.2853, 17.4075, 9.72671, 17.9264, 18.9289, 13.9402, 8.9214, 11.3065, 13.3677, 11.7743, 8.34633, 8.51195, 16.2496, 16.6484, 10.254, 10.5702, 19.1878, 15.4891, 18.1441, 11.8522, 18.4401, 15.2299, 18.0872, 
28.2421, 28.916, 26.0876, 26.2705, 28.6475, 24.5306, 34.5803, 33.2326, 35.5898, 26.0965, 30.1329, 24.0378, 27.6803, 32.4251, 25.8581, 32.987, 24.0474, 35.1881, 25.925, 31.8071, 30.4517, 31.6558, 24.9445, 35.2861, 24.7242, 27.7776, 24.2982, 35.7363, 34.5396, 28.9714, 25.1773, 31.3984, 29.646, 15.7261, 5.96756, 16.535, 12.2092, 11.2541, 13.771, 7.35345, 16.9254, 6.01053, 13.0571, 15.9868, 15.8535, 6.40161, 9.94712, 14.2289, 8.82049, 8.6031, 10.8909, 15.8505, 17.5996, 16.7513, 5.69362, 14.7085, 8.35853, 6.35314, 6.59587, 
25.2155, 34.8513, 30.5831, 27.609, 35.7995, 31.2794, 33.399, 29.5344, 26.846, 31.972, 24.3959, 32.7843, 29.4558, 31.4586, 27.2282, 34.9086, 31.9488, 31.6268, 33.4221, 27.656, 33.7478, 31.9782, 33.0997, 32.6532, 24.083, 28.8477, 30.8736, 25.1391, 24.2513, 22.4225, 20.1968, 24.3886, 17.9222, 17.0123, 20.4285, 26.3988, 19.3092, 28.2253, 20.315, 24.1433, 16.6854, 19.5439, 25.6291, 16.8297, 16.9924, 22.6292, 18.5748, 24.8329, 28.0685, 17.6608, 17.4419, 26.5438, 20.9713, 17.7948, 17.2708, 23.5686, 24.6853, 21.1835, 26.9937, 
34.9791, 24.3371, 32.2926, 32.4824, 25.0987, 34.0783, 33.1805, 28.2513, 28.8873, 30.0837, 32.9455, 35.931, 25.8383, 24.9717, 26.1218, 28.8954, 26.3642, 33.457, 29.2553, 34.1499, 26.3524, 26.4278, 26.6147, 24.9435, 16.9506, 26.6885, 25.5005, 19.1524, 19.9133, 17.996, 23.6564, 21.9855, 26.2111, 18.8498, 22.1357, 23.0725, 22.3983, 16.7368, 18.4837, 23.4155, 18.5432, 20.4476, 19.7528, 15.8937, 23.9806, 20.0088, 19.8189, 24.7367, 26.6624, 20.0547, 21.0932, 23.8451, 23.1055, 17.6692, 18.277, 17.1103, 19.5971, 18.3196, 24.2579, 
28.9736, 29.0261, 31.4039, 27.894, 35.9853, 35.848, 27.6997, 24.6584, 29.0643, 32.8158, 28.3908, 34.4742, 27.9906, 35.545, 32.5136, 24.8685, 25.7006, 35.7367, 27.0861, 34.111, 35.7576, 34.7515, 32.2859, 31.1689, 32.6759, 25.5967, 24.6305, 33.3579, 33.6564, 32.0006, 17.4412, 19.4437, 26.4396, 22.0884, 16.8382, 22.7681, 18.0541, 24.0809, 27.261, 17.3439, 20.4634, 23.8727, 26.3107, 26.6349, 16.2555, 17.0413, 22.7483, 19.8281, 21.2115, 23.7706, 24.1867, 16.2786, 25.1705, 21.0818, 25.2986, 20.1036, 21.2845, 19.0195, 21.4333, 
30.8222, 26.5915, 32.7472, 31.6264, 31.8526, 32.2577, 34.7195, 25.6051, 24.2148, 29.8303, 28.2697, 30.5189, 27.139, 32.9532, 29.2079, 27.2649, 31.0025, 24.6011, 27.7456, 29.2567, 25.3745, 9.39669, 11.8541, 18.1791, 11.058, 12.507, 14.945, 19.7963, 9.56524, 19.1522, 11.9404, 16.0224, 17.441, 10.9629, 10.9959, 8.92922, 15.0328, 8.99128, 20.548, 17.1395, 13.2231, 14.9814, 10.4121, 19.5543, 19.1923, 13.2969, 15.7992, 11.8174, 12.9246, 12.8273, 13.1023, 13.4493, 11.5398, 17.9393, 8.5429, 13.9943, 15.7654, 16.0962, 16.6618, 
24.2141, 33.1496, 31.5207, 31.9863, 29.0636, 32.6267, 24.7859, 35.9475, 32.9363, 24.5281, 30.5545, 25.9279, 29.5979, 24.9562, 26.3766, 33.8169, 35.7749, 25.5919, 25.9341, 34.346, 25.7939, 28.8444, 35.2608, 35.8127, 33.9498, 25.0198, 26.4758, 34.0368, 29.4011, 26.2, 30.1777, 20.5013, 17.7457, 13.8517, 21.5174, 17.7538, 15.9695, 16.9213, 19.7676, 22.6507, 20.505, 23.5015, 18.7412, 20.5619, 21.7091, 24.569, 20.9791, 23.3087, 16.0403, 13.2014, 21.6838, 19.6938, 23.6065, 23.6745, 13.2653, 17.5235, 23.7681, 19.3229, 22.4329, 
27.2609, 33.5668, 26.9679, 27.569, 24.0499, 31.1479, 28.0045, 25.8464, 28.747, 31.4663, 29.0618, 25.3077, 32.547, 31.4006, 25.8332, 25.7403, 33.3667, 27.3112, 28.8198, 26.9767, 27.9557, 34.1973, 31.4322, 35.8392, 28.6596, 30.8905, 31.5155, 33.1588, 31.5129, 27.2033, 35.9743, 27.5815, 14.9621, 23.9846, 22.5161, 18.2725, 14.9474, 24.624, 15.5445, 16.0182, 25.7197, 20.3503, 16.551, 24.025, 17.8113, 16.6351, 23.2744, 24.6633, 15.0674, 23.0512, 22.3736, 17.8455, 23.7746, 20.723, 16.3795, 19.8868, 25.545, 15.2555, 22.8437, 
33.3153, 32.9826, 29.2722, 27.5899, 25.5475, 27.085, 35.6023, 26.7314, 33.6366, 35.1866, 32.1963, 29.3669, 27.5374, 26.6506, 34.0703, 34.6145, 27.8106, 24.4341, 25.2882, 33.7662, 31.5853, 33.887, 29.6636, 34.331, 26.1637, 33.5316, 31.6352, 28.1679, 25.9613, 28.1892, 34.9821, 27.424, 26.3678, 12.0637, 21.2486, 18.8826, 12.4306, 12.7369, 13.4283, 10.701, 14.3247, 18.6267, 9.85565, 13.1808, 13.6663, 17.9558, 14.8487, 16.1726, 14.4474, 11.9382, 15.2743, 21.3592, 10.4491, 16.7219, 12.3318, 14.5965, 21.5953, 9.98087, 14.815, 
31.1828, 32.9833, 32.655, 30.6349, 27.1144, 31.9591, 35.6754, 32.6612, 27.1875, 27.4096, 31.9756, 30.3999, 29.6107, 34.1848, 26.789, 33.2815, 32.9859, 29.953, 28.3148, 30.6496, 33.4699, 31.3951, 25.2001, 30.741, 29.6713, 26.8735, 33.609, 35.2938, 28.1349, 17.4125, 18.9937, 24.1329, 13.9595, 14.3128, 20.7138, 17.6655, 25.181, 17.4338, 20.6906, 15.6873, 19.5152, 14.1692, 15.8055, 24.0121, 20.2305, 23.1576, 15.7222, 15.4636, 25.1946, 19.0029, 17.5248, 25.5185, 22.2752, 13.9246, 14.9723, 23.7617, 15.4813, 22.9523, 20.1872, 
31.6969, 28.1591, 25.4696, 31.185, 33.5712, 32.6778, 32.5617, 35.4165, 30.9588, 27.2121, 25.9973, 35.8381, 27.0876, 35.3889, 33.5169, 32.4064, 31.2577, 31.8743, 33.1709, 29.848, 26.1471, 35.9497, 35.0904, 28.494, 32.9073, 32.0395, 32.6091, 21.4746, 22.7103, 11.8553, 19.6294, 22.8708, 22.7335, 21.359, 16.1007, 13.998, 13.459, 18.5027, 14.3557, 20.3014, 20.792, 21.9594, 12.1561, 13.5071, 11.9082, 19.8651, 21.1265, 12.5887, 15.0163, 15.1449, 16.5157, 13.3811, 19.1641, 20.756, 13.1373, 20.966, 22.9766, 17.2545, 13.6749, 
27.2873, 35.6034, 32.7002, 28.5708, 33.8999, 25.4061, 27.3439, 29.169, 27.3061, 32.7211, 27.1206, 35.7668, 29.1411, 24.5898, 29.0551, 31.9386, 26.359, 28.5675, 27.3366, 27.1529, 18.5555, 14.7511, 12.1938, 11.9485, 11.4476, 13.4111, 21.903, 20.302, 11.1248, 21.9772, 16.7715, 12.3719, 13.8165, 13.4831, 18.0586, 13.0608, 21.7205, 21.3651, 15.9409, 15.0158, 16.9459, 20.5939, 14.7735, 18.8327, 10.8751, 15.7352, 11.0642, 10.3863, 17.4031, 20.4584, 20.3556, 20.0717, 21.1212, 16.105, 10.4979, 17.6448, 17.5383, 19.0453, 13.9377, 
25.7094, 31.6547, 35.516, 32.1148, 32.5929, 33.912, 34.7808, 32.5922, 35.3372, 28.2175, 35.1554, 24.6489, 33.8676, 29.2064, 27.7115, 32.4196, 29.9104, 31.918, 32.6961, 33.2209, 31.5001, 29.8583, 34.8135, 26.8577, 27.052, 28.1044, 29.6489, 24.2049, 33.1607, 27.7589, 35.7106, 30.6393, 25.477, 24.2479, 28.8414, 20.1419, 11.702, 18.2863, 12.9212, 21.0551, 17.2184, 19.1085, 12.4214, 10.8486, 16.1359, 17.0818, 10.5604, 15.2714, 21.1341, 11.2394, 13.3487, 12.9822, 15.9108, 20.7136, 10.585, 19.3365, 18.1897, 11.5427, 16.4524, 
32.1552, 25.8262, 25.626, 32.265, 34.4845, 27.1713, 28.2968, 29.3526, 24.4697, 27.5723, 24.7653, 31.9147, 25.7682, 30.0242, 30.8229, 32.5606, 30.8512, 31.9011, 27.7034, 29.1458, 34.9729, 26.836, 30.141, 32.6807, 25.9764, 30.7877, 21.5786, 16.0024, 18.9295, 21.2283, 17.9126, 20.9664, 14.9198, 22.2532, 19.0125, 19.455, 19.2842, 18.1539, 14.976, 12.5307, 12.4837, 14.3205, 22.963, 23.1962, 20.9316, 12.2487, 18.8942, 20.0286, 22.7115, 23.1455, 18.4587, 18.6012, 17.8308, 21.1188, 14.4982, 12.119, 21.2253, 19.8159, 13.3154, 
33.5316, 35.3441, 34.8032, 28.5443, 32.4861, 30.1888, 35.2145, 35.8373, 34.7819, 30.1454, 29.4062, 27.2914, 29.0247, 24.3026, 34.985, 25.5574, 27.6931, 28.7437, 29.6526, 25.6896, 26.5, 35.4907, 33.6828, 31.9984, 27.7005, 34.3277, 33.9208, 28.84, 17.4846, 14.1808, 15.4778, 11.6198, 10.2802, 13.2693, 12.3913, 17.8717, 13.8249, 16.2265, 10.0528, 19.7853, 15.986, 20.2806, 19.9828, 15.3081, 15.6401, 8.52301, 15.3529, 10.737, 17.9231, 19.8213, 11.5562, 15.1488, 16.3382, 17.4747, 16.5111, 16.5236, 17.7608, 14.263, 18.0219, 
28.5778, 30.8534, 33.1823, 33.4085, 33.3894, 30.7579, 30.802, 35.7896, 30.6797, 31.062, 24.9041, 33.4941, 33.9146, 30.6452, 27.363, 31.5394, 32.4648, 30.0731, 28.1679, 30.7521, 33.2583, 34.4904, 24.3489, 32.7387, 35.3353, 29.1778, 34.6376, 27.4901, 32.4416, 27.4302, 14.3078, 14.9386, 9.24233, 16.4453, 10.1758, 19.9038, 9.42484, 16.3748, 16.2199, 10.622, 15.914, 9.29668, 10.9312, 13.9516, 19.0214, 10.1582, 9.87505, 12.558, 12.7541, 12.3846, 16.1898, 16.7009, 9.58165, 11.2639, 12.1004, 12.9913, 15.1784, 15.0433, 11.3689, 
33.3759, 25.4986, 31.0451, 31.5695, 35.6331, 33.6964, 29.5351, 27.6017, 35.1682, 29.35, 31.9022, 27.9102, 25.6668, 30.5846, 28.3358, 30.5119, 29.111, 25.6338, 29.982, 32.3142, 29.921, 33.5327, 32.7604, 15.9175, 16.374, 23.8153, 19.4491, 19.9845, 22.3854, 25.9992, 16.4742, 18.0155, 25.3661, 24.3555, 15.9851, 22.4188, 19.2611, 21.7556, 25.1667, 18.3886, 22.2183, 24.5131, 17.2825, 19.2772, 20.275, 26.3209, 17.4643, 21.3076, 20.4894, 24.834, 18.3687, 23.4584, 16.8598, 23.14, 25.4043, 19.6389, 15.3025, 22.5099, 19.8174, 
27.9461, 34.2957, 33.1339, 30.1454, 31.2886, 30.78, 31.0363, 29.6511, 30.8784, 32.2606, 30.0966, 33.2672, 31.8552, 35.4304, 33.9913, 30.654, 33.0927, 25.7876, 25.5489, 32.7435, 33.2951, 27.0395, 24.6089, 26.0164, 25.2687, 29.5373, 17.6273, 19.5431, 21.5698, 25.9569, 18.4054, 15.4824, 24.9493, 24.0147, 18.1851, 14.7512, 17.7092, 18.5934, 17.4705, 26.1159, 20.9381, 14.8474, 18.1473, 21.948, 20.98, 24.4914, 18.6867, 20.3084, 25.517, 25.4002, 16.5131, 25.1927, 15.7034, 16.4665, 25.438, 17.8509, 21.8503, 14.6624, 25.8089, 
33.554, 29.8006, 30.0268, 28.0824, 26.4949, 33.0193, 27.5444, 33.7735, 27.594, 32.7648, 27.0083, 27.836, 30.1829, 27.8231, 29.5278, 32.5882, 28.7496, 24.889, 26.4931, 33.4173, 26.0072, 24.8777, 22.0788, 19.0242, 25.9375, 19.1825, 17.9086, 19.0782, 26.7876, 26.4035, 24.7709, 16.1614, 21.7519, 25.3591, 20.2581, 16.3747, 25.4833, 23.6383, 25.5112, 23.1162, 25.8652, 21.2364, 23.2531, 25.7785, 19.4274, 20.1332, 26.8214, 16.7636, 21.9638, 24.0254, 22.3131, 16.1416, 20.1354, 22.5679, 17.3596, 17.0769, 16.3575, 20.6727, 26.9371, 
33.2069, 31.6576, 31.9569, 30.0918, 26.4795, 35.0867, 27.302, 28.6909, 24.0672, 27.7879, 27.4919, 24.4473, 25.5622, 27.5132, 31.9712, 35.4147, 29.9258, 28.4316, 30.9287, 34.5583, 28.9604, 28.2296, 33.8, 28.1944, 26.1908, 27.1272, 25.5974, 26.0619, 31.889, 26.2547, 33.4401, 13.4183, 10.7662, 18.4694, 18.0875, 11.4907, 11.5646, 12.8138, 15.2481, 11.7665, 9.8232, 13.4704, 12.8094, 14.8714, 17.9612, 18.5112, 12.8491, 19.6779, 18.0243, 19.4535, 17.2719, 12.8869, 18.5208, 18.7705, 12.8821, 9.29587, 19.339, 10.2929, 19.6522, 
27.8716, 27.0351, 28.2645, 31.3723, 34.9079, 24.3547, 30.2067, 28.6332, 31.3477, 29.7808, 31.127, 30.1451, 26.8996, 28.2241, 28.1624, 26.427, 25.9911, 24.2912, 32.0388, 25.9925, 31.4333, 26.7832, 30.8351, 27.1702, 18.0266, 10.5709, 17.142, 11.8599, 17.0972, 13.3703, 18.0387, 13.4584, 11.2103, 11.0131, 10.6385, 13.8579, 18.3769, 15.2075, 9.26989, 8.22185, 16.8713, 13.3214, 14.5134, 16.5085, 8.07055, 16.0117, 16.2155, 9.74617, 10.5052, 10.3958, 15.1428, 9.02496, 17.0803, 11.6774, 14.0122, 11.6318, 13.6148, 15.0496, 18.8822, 
29.8509, 25.7777, 28.8859, 30.3456, 25.2192, 26.2419, 25.7909, 26.3381, 24.029, 24.1634, 28.4092, 30.86, 28.9116, 28.0824, 28.002, 25.5056, 30.4142, 25.7292, 32.8533, 28.8833, 28.8396, 34.3192, 27.1845, 34.8657, 28.4742, 29.1341, 30.4943, 34.6255, 33.1504, 24.5082, 24.5538, 26.565, 29.993, 33.8554, 8.14042, 14.0027, 7.82791, 7.85876, 10.0092, 6.12952, 12.232, 10.011, 12.1005, 14.8451, 11.741, 11.4403, 5.80527, 10.0716, 5.59265, 16.672, 12.9455, 6.65538, 15.1547, 10.5637, 10.2817, 9.57184, 9.1488, 9.65777, 5.58567, 
27.0112, 25.9264, 27.6876, 29.5579, 24.5461, 25.7461, 33.5892, 35.8428, 30.105, 31.7403, 32.8812, 31.1013, 26.3127, 32.5162, 27.6913, 26.8885, 26.969, 27.7838, 33.9384, 32.5874, 31.0536, 29.4719, 31.351, 32.3777, 33.1537, 25.9264, 24.2515, 27.0002, 32.0399, 35.9067, 25.4641, 29.3871, 33.2462, 24.1322, 34.418, 29.5748, 35.5054, 33.7306, 10.2381, 18.4345, 16.8686, 14.4413, 19.7054, 13.9584, 19.1803, 15.3105, 10.1617, 13.972, 12.6012, 18.9622, 10.1662, 8.74318, 9.08396, 11.19, 15.4343, 13.4542, 10.2326, 8.17509, 16.7229, 
30.1384, 31.0337, 25.8581, 28.2601, 31.9617, 31.4175, 33.9594, 28.1129, 32.8107, 25.6044, 31.235, 30.2446, 27.551, 28.7885, 26.8673, 29.3206, 31.7204, 25.8346, 25.9863, 28.5017, 34.3409, 24.0878, 29.1701, 24.3893, 32.5456, 29.216, 34.2285, 25.0659, 18.355, 23.495, 21.9064, 24.4688, 19.8364, 17.1847, 18.7274, 27.0313, 24.3521, 17.2508, 19.5474, 16.2758, 25.0318, 26.7071, 26.0005, 21.4529, 18.1707, 27.1316, 19.5151, 24.9822, 17.6903, 27.0357, 22.2714, 27.754, 17.1678, 26.8708, 23.1928, 25.9913, 24.6481, 18.3715, 17.5144, 
25.6319, 35.9824, 25.3374, 33.038, 25.8299, 31.8243, 30.7579, 31.0036, 34.1176, 34.2737, 32.4012, 27.1364, 30.614, 29.5828, 32.9737, 26.6495, 25.8666, 33.8936, 27.2029, 30.2086, 33.2554, 27.1188, 33.2429, 31.4641, 29.765, 30.0158, 31.4127, 27.8661, 33.3468, 7.21769, 8.93921, 7.27754, 17.238, 16.2329, 11.7896, 8.52352, 10.5506, 13.9565, 10.7338, 7.35319, 14.7802, 11.9203, 18.6573, 9.18488, 7.8023, 15.8925, 13.5603, 15.8863, 13.9606, 13.4119, 13.5607, 12.8505, 11.9824, 16.9031, 9.2172, 11.0882, 14.764, 12.3386, 10.7492, 
33.3017, 28.7812, 27.331, 26.5088, 32.666, 32.5911, 27.6087, 34.5748, 30.2097, 33.9803, 32.0946, 35.0394, 35.8634, 29.9335, 35.6923, 31.4707, 31.9698, 28.0923, 25.12, 28.7735, 30.4256, 27.2488, 26.8966, 29.1113, 26.2496, 31.8019, 29.3831, 32.6499, 32.9587, 25.3426, 27.4298, 31.4579, 30.1671, 27.0824, 35.0882, 27.0318, 32.854, 35.9681, 9.4212, 18.9869, 11.7552, 17.6025, 16.2687, 11.4997, 10.7722, 7.61632, 9.94449, 15.6316, 16.8824, 11.8184, 8.44844, 15.3915, 18.182, 10.9084, 12.1074, 8.04045, 10.1064, 14.8006, 8.53106, 
35.6754, 32.2518, 33.3593, 31.0572, 24.0617, 29.028, 24.791, 27.4603, 25.8592, 28.45, 30.4352, 27.9619, 28.9479, 27.2363, 28.649, 29.5072, 35.8707, 31.6073, 25.4083, 30.5079, 32.4538, 26.5801, 27.5932, 34.2766, 27.1449, 33.9384, 27.0156, 12.5934, 10.9097, 4.92989, 4.46316, 5.0015, 11.7723, 15.0861, 10.5252, 13.9345, 10.9001, 15.1514, 8.88485, 14.3744, 13.3638, 13.3539, 6.82695, 14.9072, 4.36401, 15.2003, 14.2543, 8.83894, 13.1549, 7.69542, 8.30023, 15.678, 14.1644, 10.8017, 9.08425, 5.79139, 10.1422, 16.0185, 12.784, 
35.2219, 27.0711, 28.0901, 26.0436, 26.4435, 32.5371, 28.1613, 30.5909, 28.5282, 33.4629, 33.2962, 35.4716, 25.535, 30.6459, 31.7516, 25.7421, 26.2933, 27.3843, 26.5658, 31.7087, 32.2085, 25.2709, 25.6114, 33.9182, 34.992, 26.4971, 24.1528, 35.043, 31.1465, 34.0189, 29.9196, 14.4376, 20.182, 21.0748, 16.4456, 17.2821, 20.3814, 16.6733, 21.9983, 20.5952, 19.6503, 12.5116, 13.8071, 21.8599, 16.8962, 19.7443, 12.9867, 16.6134, 11.3188, 17.1606, 15.63, 20.6458, 21.5459, 21.6208, 11.6321, 21.0601, 17.3684, 11.5832, 11.053, 
33.5866, 33.9476, 34.1544, 34.5028, 34.0945, 28.7952, 35.986, 35.1256, 33.9193, 24.264, 28.5778, 24.2997, 32.5518, 35.5446, 27.6601, 29.646, 29.5307, 27.3836, 26.2808, 31.1097, 33.2782, 27.4735, 29.1738, 33.8393, 24.4524, 27.309, 26.7938, 33.2642, 26.1229, 31.8846, 28.2304, 32.1842, 29.9445, 35.9941, 25.5122, 35.0346, 13.686, 22.597, 19.3735, 21.5416, 10.9106, 20.769, 22.1556, 12.486, 18.5124, 13.4404, 19.0776, 20.7914, 20.1906, 13.6288, 12.5477, 17.1225, 19.8674, 15.1461, 22.453, 16.0675, 21.7741, 11.7181, 18.2682, 
34.5543, 34.7485, 29.278, 30.6412, 34.4845, 32.5705, 35.5696, 34.7015, 31.2695, 34.7089, 29.6085, 33.1974, 27.6898, 27.8206, 24.307, 26.6253, 30.9111, 30.6268, 29.3588, 35.0048, 32.1141, 21.3446, 18.5244, 23.8171, 26.3899, 26.7204, 21.9528, 16.5561, 22.4852, 20.9499, 26.4071, 21.1059, 17.072, 19.084, 18.3735, 25.2048, 18.8329, 25.2368, 21.3814, 25.1351, 24.8262, 24.336, 25.9852, 26.6987, 19.0609, 17.9908, 16.0376, 22.0589, 19.4145, 23.6214, 20.9271, 21.0329, 21.352, 22.1947, 21.193, 16.8873, 17.8168, 26.402, 22.2432, 
32.3814, 34.765, 25.5724, 25.9437, 31.9679, 29.4209, 30.0793, 32.547, 31.2441, 24.7429, 33.7559, 24.9768, 30.159, 31.3499, 27.5007, 28.45, 25.4986, 28.0765, 28.8466, 25.9797, 27.5708, 27.7445, 30.545, 35.9108, 33.6645, 31.9345, 29.4572, 32.7641, 26.3546, 31.5644, 26.3267, 17.6677, 24.654, 25.6242, 15.4155, 18.8108, 15.0832, 22.0203, 22.7066, 20.1192, 24.0786, 21.7254, 23.9181, 14.9645, 21.6593, 17.6005, 24.867, 14.6432, 14.0381, 21.1225, 15.1019, 20.6913, 19.8768, 20.7978, 21.9638, 14.6179, 18.3694, 25.1145, 19.3356, 
24.8141, 27.7141, 29.1789, 27.1889, 29.5351, 28.6137, 33.3024, 30.8486, 29.4334, 35.982, 27.3531, 32.5929, 35.5876, 33.9575, 24.842, 27.9248, 31.6007, 35.0504, 32.099, 28.718, 27.6388, 33.8444, 32.2411, 34.6053, 27.4419, 29.2553, 28.1992, 31.7461, 33.5249, 28.479, 32.3737, 31.3818, 29.2773, 20.8048, 13.6481, 19.0315, 11.863, 9.94244, 9.24031, 14.2793, 9.65527, 12.398, 18.6312, 19.3381, 17.3023, 10.6927, 15.8124, 16.6534, 19.2243, 9.61929, 9.95896, 10.3177, 10.5766, 19.4648, 13.037, 10.4316, 9.57155, 14.5301, 9.3178, 
34.1378, 30.3624, 29.4841, 26.095, 31.8357, 29.2028, 31.5199, 29.0386, 29.8098, 33.3131, 29.9078, 35.3985, 25.4582, 28.5319, 30.7561, 33.692, 26.6756, 28.7125, 30.3019, 24.0984, 24.1414, 34.0203, 33.2253, 31.1971, 26.8026, 28.2671, 26.0524, 34.8506, 30.0709, 33.706, 30.8652, 33.1911, 32.9289, 31.1406, 33.6274, 24.5016, 33.6237, 28.49, 32.677, 11.9923, 22.2168, 11.8073, 12.0621, 20.7788, 17.9556, 11.7166, 11.0284, 15.2261, 14.0627, 20.0153, 10.8642, 18.0676, 21.5478, 12.7308, 14.2114, 18.6331, 14.4692, 18.9251, 13.9838, 
24.863, 33.3355, 28.3622, 25.8464, 32.2276, 26.5889, 27.1203, 32.3693, 32.7729, 35.5145, 32.7016, 27.2492, 24.0988, 28.9398, 31.1296, 31.9485, 33.2918, 30.2203, 29.5729, 27.9076, 28.9861, 12.9491, 11.3671, 16.4028, 9.65917, 19.2234, 21.3724, 16.1197, 17.8798, 19.6644, 19.6901, 13.9949, 10.3481, 9.73188, 20.8395, 17.9249, 19.5991, 17.9638, 12.0222, 10.3022, 19.7764, 15.0232, 10.8897, 10.8728, 16.3246, 13.1382, 9.38853, 12.049, 12.9278, 16.3723, 16.1568, 15.6805, 11.0021, 17.6422, 18.8437, 21.2442, 10.5229, 15.78, 18.655, 
33.2969, 34.0637, 32.59, 29.2138, 24.5372, 35.1256, 30.9059, 35.6115, 31.8838, 34.2682, 28.5227, 26.2544, 35.1378, 33.1735, 34.6865, 32.7993, 31.8879, 32.1493, 27.1427, 35.5994, 33.4632, 25.7215, 27.0193, 35.3658, 31.9562, 24.8571, 33.6645, 27.5499, 30.441, 33.9939, 34.9002, 27.2356, 29.9736, 25.3646, 25.3844, 33.6028, 29.3978, 22.0569, 22.6841, 24.3523, 18.54, 14.892, 21.235, 21.0327, 16.2706, 19.6773, 20.7738, 17.4203, 16.268, 21.394, 18.6997, 25.9061, 21.7418, 15.6122, 18.721, 21.9981, 19.9204, 16.6106, 20.0276, 
33.9953, 33.5187, 35.9523, 30.899, 29.5579, 34.1485, 27.1048, 32.8419, 29.397, 29.4962, 32.8944, 26.4615, 32.048, 33.6212, 24.2633, 29.4885, 30.2012, 33.0865, 33.3028, 24.4579, 26.3396, 31.8027, 32.2595, 28.3824, 29.783, 31.3099, 30.2901, 26.6084, 28.0005, 28.1015, 34.8649, 35.9537, 27.3233, 31.3694, 11.1374, 13.8015, 22.6181, 13.3748, 21.2293, 16.2031, 20.7199, 18.0268, 13.9044, 19.8148, 12.2577, 13.9414, 13.1615, 16.3129, 17.697, 19.4259, 19.7879, 22.7316, 17.9985, 13.4578, 12.3885, 13.6954, 15.0273, 14.6796, 12.7403, 
31.7748, 33.5099, 25.6154, 27.6997, 24.8284, 33.0674, 34.3104, 28.609, 34.4904, 35.7514, 25.5625, 26.6921, 34.9699, 30.5953, 26.5448, 35.8281, 29.3379, 24.6779, 33.3226, 33.9619, 34.9277, 16.2939, 8.8783, 12.9012, 7.9059, 6.08339, 6.62394, 11.3636, 9.33549, 11.3677, 10.1111, 15.2907, 13.9206, 10.5826, 15.9774, 16.3251, 11.8146, 11.6747, 11.0107, 16.201, 9.24405, 15.829, 10.2763, 16.1448, 13.6753, 9.32594, 10.8492, 6.77156, 17.498, 7.97347, 16.4496, 9.99097, 6.17777, 16.1107, 17.548, 13.86, 10.8007, 8.85076, 10.0284, 
27.1687, 28.9556, 26.5085, 26.3256, 27.7504, 31.7931, 28.0574, 28.3714, 35.3082, 35.1807, 27.07, 30.5292, 35.3126, 27.5991, 24.8788, 26.1989, 25.2922, 29.1385, 25.4729, 33.2429, 24.6147, 33.569, 30.2997, 32.8713, 30.7131, 26.8592, 32.3381, 31.0422, 28.9141, 25.3708, 35.3882, 32.1761, 24.6698, 34.8245, 34.2796, 33.8587, 8.65296, 13.49, 13.8715, 8.6537, 16.9885, 18.4008, 11.7839, 18.7456, 18.4008, 18.2091, 15.7576, 10.1898, 17.3572, 18.9549, 15.528, 8.26224, 8.73191, 10.4277, 16.2096, 7.98976, 18.4485, 8.18916, 9.99515, 
28.3791, 26.5147, 26.3957, 24.4697, 29.1712, 24.0264, 25.4766, 30.405, 31.6547, 34.696, 27.0274, 34.3336, 27.3347, 33.9322, 32.4435, 26.5999, 31.5049, 34.9182, 35.552, 27.8654, 29.8953, 27.5683, 26.7567, 16.1061, 23.0778, 25.6781, 25.9406, 23.8478, 19.5345, 17.5196, 22.1017, 25.3836, 16.7859, 20.2157, 18.5584, 22.5865, 16.6896, 23.8038, 16.2526, 21.2626, 18.0509, 25.3164, 25.6887, 27.2031, 17.9338, 20.3365, 21.5814, 21.2957, 27.6614, 22.6794, 17.6716, 19.3652, 27.1708, 16.3239, 19.916, 27.5891, 28.0643, 26.4683, 19.3744, 
31.5897, 32.146, 35.1469, 31.8717, 31.4891, 24.289, 25.4035, 33.5925, 33.9531, 26.1912, 27.6538, 27.811, 34.0284, 24.5872, 27.6935, 32.6341, 32.865, 24.094, 29.5839, 24.249, 34.5036, 28.2715, 29.7499, 34.1878, 32.3454, 27.5664, 30.5817, 31.806, 9.88283, 11.1993, 12.8327, 9.13407, 16.9257, 8.5803, 15.2912, 11.9606, 7.85137, 7.71733, 11.2555, 15.7631, 9.63165, 10.0286, 8.1804, 17.1945, 17.3668, 8.85645, 11.8981, 11.1042, 15.4914, 17.5996, 15.9181, 18.1196, 16.8659, 8.0941, 19.3336, 14.3875, 10.3279, 15.3144, 15.0404, 
32.7497, 31.8846, 33.8753, 31.0756, 31.9044, 28.2462, 24.1403, 35.2064, 30.928, 31.9213, 26.2228, 27.8242, 26.1369, 25.6011, 26.7218, 34.5432, 26.5716, 31.3594, 34.4389, 26.4975, 35.9666, 13.5685, 15.1072, 18.3347, 15.9283, 11.1845, 13.6592, 9.95838, 14.2798, 14.5101, 13.736, 12.1184, 11.2767, 17.2462, 11.8672, 12.0798, 12.2755, 11.6259, 12.4632, 11.1665, 11.7578, 12.8242, 16.2569, 18.8183, 12.6674, 20.4976, 16.8577, 10.2878, 10.4266, 14.0977, 16.3168, 19.8285, 15.7032, 12.414, 16.4615, 17.7787, 15.535, 17.2301, 20.9724, 
31.2889, 33.294, 29.7194, 33.7747, 33.641, 27.8815, 27.9818, 35.7793, 28.1569, 33.9311, 31.3848, 25.9933, 29.4774, 25.9264, 31.1696, 27.9017, 29.6673, 26.6219, 28.4114, 28.8153, 29.0103, 34.2098, 25.3881, 25.3121, 33.5473, 25.1909, 30.5137, 27.9983, 30.2673, 24.2919, 13.3001, 14.704, 11.7883, 16.9697, 17.1706, 8.34191, 8.66543, 16.0932, 16.4347, 14.6526, 7.43488, 9.00842, 15.2354, 9.29962, 14.5538, 13.5531, 10.8772, 10.3613, 11.9877, 17.3494, 17.3274, 15.3573, 15.2677, 15.7146, 13.151, 8.52479, 17.0693, 7.94935, 14.318, 
24.7289, 35.5575, 32.6528, 27.1184, 25.427, 33.8609, 26.7005, 35.4462, 24.6357, 24.9768, 35.5406, 24.5949, 27.2224, 31.9349, 27.5999, 30.8861, 33.2319, 34.4177, 34.1287, 31.6224, 35.978, 30.1399, 26.7376, 31.2012, 29.9354, 30.7234, 27.5356, 27.0152, 30.314, 34.5656, 35.6005, 33.0009, 9.33617, 6.57064, 14.7383, 13.2247, 7.33519, 7.02857, 11.1271, 15.1915, 14.6194, 9.94943, 11.8296, 10.0945, 10.7926, 6.60883, 6.07967, 14.7049, 10.1775, 6.80566, 16.7551, 14.1442, 10.4602, 7.92311, 14.204, 11.3327, 14.3072, 9.7941, 5.51305, 
33.9509, 25.0987, 26.4949, 31.6951, 35.7973, 31.3558, 30.7392, 27.4041, 31.5467, 34.7731, 26.0476, 31.9654, 24.8982, 25.9268, 29.6515, 32.8217, 26.3612, 24.6948, 26.2507, 33.1302, 28.3501, 30.126, 35.6702, 24.7723, 27.4948, 33.2293, 27.8742, 26.5918, 25.2243, 28.2428, 16.4867, 23.563, 21.3105, 17.5255, 23.6287, 17.4029, 16.8612, 19.0293, 19.7957, 23.1286, 28.2156, 22.1675, 23.7356, 17.5211, 19.9378, 21.3622, 20.8356, 24.1432, 24.2827, 26.153, 18.5343, 26.8198, 17.2079, 19.5298, 16.3993, 18.7928, 25.1038, 18.2868, 19.095, 
29.5777, 24.665, 32.2536, 25.4307, 32.6352, 25.3323, 26.6073, 35.8399, 25.2504, 35.3937, 34.8881, 33.4438, 32.9062, 24.2123, 29.621, 31.6455, 35.9368, 31.2599, 29.1789, 28.2381, 32.651, 32.4035, 31.1358, 32.3609, 32.1589, 29.1088, 34.9556, 28.0262, 32.9341, 4.45398, 12.9926, 14.4706, 5.53103, 14.0861, 12.2078, 9.41328, 4.69965, 10.841, 7.8783, 14.0424, 11.1212, 5.12635, 13.6301, 15.3806, 10.1029, 15.3872, 8.91753, 12.8163, 15.7522, 4.59352, 10.732, 15.0508, 9.44522, 12.1953, 16.1731, 15.3516, 15.569, 6.61212, 13.2889, 
30.4884, 31.4006, 28.7555, 30.9588, 27.8382, 25.7381, 27.2859, 27.9616, 30.7701, 35.707, 35.5891, 26.0781, 35.7139, 34.49, 24.083, 29.0026, 28.017, 34.6295, 31.3418, 35.357, 35.7947, 30.2589, 26.0403, 27.1845, 33.5789, 28.9501, 29.5101, 30.9526, 25.5467, 26.1449, 25.4909, 34.8381, 17.5912, 21.0037, 19.1206, 20.57, 20.3776, 15.7679, 17.3033, 18.832, 21.8979, 13.8525, 16.361, 13.923, 22.9125, 18.3157, 21.1789, 15.1881, 13.6289, 21.8553, 13.2929, 12.6212, 21.722, 14.6608, 13.07, 14.4327, 13.1643, 12.6858, 20.4566, 
29.5329, 27.7688, 35.3357, 35.4183, 28.4147, 35.328, 33.6314, 33.291, 33.8852, 29.3816, 32.9778, 27.9524, 31.4924, 32.2103, 35.78, 27.0714, 31.7939, 25.7538, 25.2915, 34.9464, 33.3718, 33.9917, 32.8507, 26.781, 29.303, 26.8173, 30.6599, 25.1744, 31.8897, 33.8628, 9.51695, 17.0233, 8.78178, 16.9447, 17.4827, 8.7502, 14.8626, 18.6556, 13.1484, 17.8763, 15.5886, 15.0998, 19.7921, 10.4137, 11.4037, 14.7061, 12.9336, 15.2753, 19.076, 11.6163, 15.1806, 15.7105, 13.8454, 10.3417, 11.7379, 17.779, 14.2945, 19.3228, 19.3573, 
25.2816, 34.8095, 27.1148, 34.1062, 35.9982, 31.9404, 27.15, 26.4593, 24.8993, 24.4884, 34.8054, 25.2441, 30.3408, 30.249, 25.2783, 25.1332, 24.7392, 28.0269, 31.0433, 28.0515, 35.1818, 24.4891, 27.0288, 34.1775, 27.5319, 24.307, 33.728, 28.9233, 31.2203, 24.2938, 27.9924, 29.4484, 25.2805, 6.39126, 7.8818, 12.1342, 7.20502, 10.8188, 14.6206, 9.90334, 14.5847, 15.2203, 16.4839, 11.9668, 7.36219, 10.3029, 7.51238, 11.3663, 14.736, 9.84018, 9.28274, 13.3923, 9.32754, 16.1846, 7.41176, 4.9591, 12.5837, 12.4063, 12.7394, 
24.9092, 29.6467, 27.2106, 26.2562, 26.8518, 34.8227, 26.919, 29.2028, 24.8872, 28.9512, 29.1833, 27.8727, 25.9573, 30.2009, 24.9566, 27.3424, 26.8709, 30.0786, 27.7398, 29.0687, 35.7679, 18.8752, 15.1652, 13.4782, 21.9426, 13.2659, 10.6447, 21.9154, 14.9397, 18.6644, 19.585, 20.8644, 10.2786, 16.0674, 16.6965, 14.213, 13.6923, 14.2952, 11.764, 14.2809, 13.6107, 14.011, 14.6959, 21.8317, 18.5576, 11.3421, 14.1315, 13.5388, 12.0343, 20.4197, 19.6229, 15.4858, 10.2716, 15.9408, 18.8583, 10.3961, 17.161, 15.7325, 20.2651, 
34.3765, 29.176, 30.2714, 32.5658, 32.5052, 31.7671, 32.2467, 31.4457, 27.5815, 28.9211, 28.5128, 34.179, 24.2266, 25.9819, 35.6603, 31.4905, 31.0447, 24.7091, 31.875, 24.1307, 29.2935, 28.5282, 26.908, 13.8315, 16.853, 17.7086, 21.0294, 12.8114, 16.1277, 16.2236, 21.3547, 21.4256, 18.0354, 22.4094, 18.515, 20.9835, 15.9026, 21.9111, 20.3258, 15.5659, 17.1879, 23.4956, 21.3635, 12.9645, 17.9356, 22.8934, 16.6745, 15.1421, 20.8638, 16.2085, 23.2176, 21.5956, 14.7503, 21.1539, 17.659, 18.9212, 19.2711, 22.2588, 18.0285, 
24.495, 29.9622, 30.0562, 27.3795, 27.6645, 28.6523, 30.1895, 24.1036, 28.7511, 31.5199, 27.3865, 26.7938, 26.8625, 27.5003, 29.8884, 31.4369, 26.0531, 34.4004, 32.7409, 33.8411, 29.8796, 26.4912, 31.9621, 19.2107, 15.9762, 20.2646, 23.4289, 20.6458, 18.9415, 17.9713, 21.5238, 19.6517, 20.9267, 18.2276, 16.5245, 16.1536, 24.0407, 15.0655, 19.2434, 17.0397, 15.9946, 14.2183, 15.6376, 12.8567, 17.4418, 18.9485, 22.8568, 21.7526, 23.8656, 19.3818, 14.4552, 20.5316, 21.3788, 12.7891, 17.473, 21.92, 21.1621, 16.0923, 16.2645, 
25.4435, 25.846, 25.8053, 30.8365, 29.9398, 29.6104, 35.2553, 35.6027, 27.338, 30.1752, 31.9004, 24.5394, 33.7838, 24.5372, 26.8232, 24.3562, 35.9453, 26.7754, 25.4553, 26.1695, 32.2309, 24.1153, 18.22, 15.9766, 21.9887, 23.7731, 20.2702, 15.7724, 24.4307, 24.1425, 16.6854, 20.2566, 22.7628, 14.8739, 24.0628, 20.5118, 23.39, 19.7436, 16.5811, 23.6677, 17.3842, 22.1323, 23.8913, 19.4366, 22.2205, 15.8033, 16.3897, 18.9617, 14.861, 20.6381, 15.9425, 18.9562, 16.7819, 15.5756, 21.8125, 14.8426, 19.961, 23.7731, 21.4107, 
27.1599, 35.3985, 35.0878, 28.0879, 27.4486, 32.0443, 34.4962, 31.9532, 26.9958, 31.9591, 27.3516, 26.5379, 30.2732, 28.7169, 30.0239, 25.6077, 29.9743, 32.5144, 29.0386, 24.2534, 26.4012, 31.5688, 26.1875, 27.5194, 27.3189, 24.1432, 28.1925, 28.7584, 30.1594, 31.3194, 33.9528, 31.3495, 30.5729, 30.7366, 18.723, 21.3788, 23.585, 22.7272, 13.4872, 18.1223, 14.4056, 21.7746, 20.8988, 20.417, 23.9225, 23.0136, 15.7357, 17.1425, 14.9473, 18.7414, 23.9317, 24.2996, 13.0473, 18.3962, 17.4609, 22.8223, 17.845, 21.3549, 21.5128, 
29.2465, 34.0574, 35.0592, 32.2782, 26.7112, 34.609, 26.485, 30.6537, 29.3269, 33.7467, 31.5478, 34.0042, 30.1417, 27.8668, 32.1589, 32.8915, 25.9852, 30.6951, 28.6512, 28.1298, 27.0156, 28.0938, 32.4688, 24.1495, 30.0088, 29.6265, 33.3046, 26.7993, 26.4468, 27.7365, 26.8059, 27.9208, 26.2411, 30.3705, 26.5096, 9.82493, 20.417, 10.6593, 10.4154, 20.1614, 15.9773, 19.6859, 10.6218, 14.796, 19.5482, 18.5611, 9.03834, 11.126, 17.3897, 11.3555, 14.6608, 8.80112, 8.86832, 11.0437, 9.48525, 17.1142, 10.014, 12.293, 19.622, 
26.1783, 29.9534, 26.2624, 28.3413, 25.4142, 29.1007, 24.8358, 24.6676, 35.7833, 25.3576, 34.1867, 26.3421, 25.7399, 34.6574, 32.0417, 29.6122, 31.7439, 34.4691, 24.0048, 29.1668, 29.2164, 33.5495, 28.3207, 35.2593, 27.074, 24.4979, 27.1996, 34.7313, 29.7327, 33.0619, 24.9559, 28.6762, 33.919, 10.652, 18.0732, 16.5279, 12.8006, 14.0455, 18.8469, 12.5777, 8.0323, 10.359, 10.6741, 13.5946, 18.2616, 15.2485, 11.9759, 14.8244, 8.49757, 10.7093, 18.5326, 17.1111, 17.67, 14.2699, 14.0066, 14.878, 15.7013, 9.91834, 10.1982, 
32.9043, 32.7519, 26.1078, 25.2695, 29.8061, 28.5517, 30.2365, 28.7346, 24.6213, 26.6168, 33.9135, 31.4421, 25.4131, 27.6046, 26.8056, 35.3258, 35.3632, 25.1024, 24.7741, 33.0204, 34.1297, 32.9715, 25.4402, 28.3549, 26.1637, 32.1548, 24.8773, 29.8939, 25.4986, 35.8586, 28.1261, 10.6824, 16.808, 16.5986, 12.0962, 19.2276, 16.0853, 15.4985, 15.3527, 15.0651, 19.3917, 10.2094, 13.8783, 9.6806, 9.80765, 16.9211, 8.65055, 13.9429, 15.6049, 14.8701, 8.19372, 13.1692, 18.0877, 13.7332, 8.39496, 11.1216, 13.6341, 19.4215, 12.3984, 
27.4537, 27.905, 29.5909, 31.2956, 24.4315, 24.7458, 34.8767, 30.2938, 24.1645, 31.8133, 29.5836, 26.6682, 32.9433, 25.1446, 34.703, 31.9297, 27.4269, 35.1649, 35.6265, 34.3732, 34.8414, 33.9516, 33.0722, 34.3189, 28.7551, 26.7993, 34.6182, 28.8972, 9.09692, 11.3142, 9.56218, 9.70026, 13.9416, 13.3313, 14.8909, 17.132, 13.4499, 10.1516, 12.5675, 16.8456, 20.2171, 19.7158, 16.2272, 12.2399, 17.4732, 9.77994, 15.2993, 14.0015, 18.1944, 16.8831, 16.6921, 18.8246, 10.1189, 18.0075, 10.1721, 12.5025, 20.1701, 9.54309, 9.72266, 
31.6011, 32.4457, 32.6017, 34.3523, 33.6953, 30.2413, 25.7784, 26.5257, 35.01, 28.8906, 33.2627, 32.3443, 33.6351, 31.0495, 26.2217, 26.4181, 26.2617, 26.3675, 30.3536, 25.925, 33.5132, 31.3139, 31.9804, 30.8942, 27.9065, 24.0191, 30.6298, 30.4102, 25.0348, 27.2025, 32.4141, 29.9963, 26.9954, 32.7226, 25.196, 25.34, 30.5167, 32.8456, 30.6779, 14.3819, 9.80343, 12.6068, 14.0738, 6.6872, 12.0148, 9.57943, 8.88061, 15.2912, 12.1349, 12.6674, 10.2588, 12.5344, 12.6325, 9.32421, 5.0887, 15.5699, 10.6076, 12.9777, 5.07878, 
26.9043, 24.3415, 31.7311, 26.81, 31.0242, 28.7302, 26.3458, 26.0406, 28.7628, 34.7694, 29.7598, 25.6819, 29.4459, 30.3507, 24.672, 27.9392, 25.1476, 25.1332, 30.4781, 28.0508, 32.3194, 29.44, 35.7216, 31.9297, 28.342, 35.5278, 22.0342, 25.3102, 18.8615, 25.0102, 25.258, 25.1141, 16.1484, 15.8135, 18.1079, 25.9627, 16.6754, 24.7796, 20.6039, 23.9489, 26.1526, 22.7264, 18.0616, 14.8356, 15.6516, 22.8153, 17.3981, 25.1861, 22.2468, 14.767, 17.3518, 16.6996, 16.3566, 21.4111, 20.8393, 25.1214, 15.9681, 16.2182, 19.1336, 
25.6158, 31.6723, 30.26, 33.3391, 30.6467, 27.9208, 36.0004, 31.3683, 30.7851, 33.1941, 25.9811, 35.5865, 24.6966, 28.024, 26.745, 31.8721, 32.7075, 35.5983, 35.1025, 29.2101, 35.624, 24.0305, 24.04, 25.4274, 30.8997, 34.1757, 30.0599, 29.451, 27.5293, 34.002, 26.0168, 29.1591, 35.704, 29.3467, 35.5825, 28.5377, 16.1829, 15.4657, 12.0745, 18.3293, 18.8129, 15.3592, 14.9201, 20.8551, 18.405, 18.4156, 14.4735, 13.5345, 13.8162, 16.7158, 14.3806, 15.6864, 18.7814, 12.7079, 14.7317, 22.7907, 17.4865, 15.5987, 12.3517, 
31.08, 24.2622, 33.9913, 28.2289, 31.5721, 32.7692, 33.1654, 33.3571, 30.7264, 32.5129, 28.1419, 24.0867, 28.0802, 33.1375, 31.4065, 25.2228, 33.1735, 24.9001, 33.6039, 30.1726, 31.3859, 28.5197, 35.989, 31.4388, 26.3157, 35.7209, 25.7461, 29.9905, 25.2181, 24.3445, 28.4169, 29.8898, 32.5489, 33.3689, 13.7694, 15.6286, 11.4497, 9.48944, 11.5455, 20.4175, 16.196, 17.8426, 15.8445, 13.1003, 17.1992, 18.0971, 15.557, 17.8224, 11.6917, 20.1381, 18.4022, 13.6163, 13.8836, 13.0904, 15.8827, 10.9624, 19.3199, 19.6104, 14.4432, 
29.3574, 33.8995, 31.0488, 33.5437, 31.6025, 28.5924, 34.718, 35.0636, 26.0557, 34.6817, 28.4801, 28.4276, 29.6262, 25.2526, 27.656, 25.5655, 31.3936, 24.6353, 26.6638, 27.5066, 33.3079, 29.9229, 31.4127, 20.8445, 21.7412, 15.1562, 19.7252, 17.8671, 22.8381, 19.225, 21.8473, 15.7339, 19.2893, 15.3681, 17.4444, 14.6524, 23.404, 18.109, 19.1692, 18.5769, 23.9368, 17.2204, 15.125, 16.4555, 19.7825, 16.5142, 22.461, 21.5029, 23.9941, 17.2861, 18.2097, 21.4728, 21.9421, 18.9882, 23.0114, 23.8057, 17.8682, 19.4531, 17.7113, 
26.7376, 34.9821, 33.457, 29.3173, 35.559, 30.0481, 28.9086, 25.4538, 25.5262, 34.606, 26.1688, 29.4738, 24.4913, 33.4243, 28.3993, 33.1423, 35.3559, 29.0636, 24.2108, 27.601, 27.2627, 12.4383, 16.5042, 19.8161, 19.3042, 11.2228, 14.3699, 19.5169, 16.17, 8.86786, 19.9748, 8.98611, 11.1659, 18.4354, 16.3713, 14.465, 17.423, 19.7875, 12.2276, 14.7724, 17.8291, 11.4098, 20.2241, 13.6366, 14.2737, 14.5969, 9.90416, 20.2003, 15.4345, 9.31514, 17.3532, 16.2952, 16.1249, 15.7117, 10.4814, 19.1599, 15.2119, 11.7854, 17.1751, 
34.0736, 24.1785, 28.9501, 31.1336, 35.5046, 30.9853, 33.0707, 24.3272, 30.3511, 29.5538, 31.9404, 31.7957, 32.3058, 33.3626, 32.0384, 31.734, 35.671, 26.1581, 31.7432, 29.7418, 27.4618, 13.5398, 9.0325, 15.5661, 18.9698, 11.8454, 18.2402, 19.0267, 13.6, 18.9559, 17.8179, 11.9255, 17.2571, 8.68107, 10.7603, 13.4652, 14.1233, 17.4099, 11.3386, 13.6213, 14.1141, 9.69203, 16.6736, 17.8201, 16.6086, 18.6279, 8.22058, 13.896, 14.8188, 19.9595, 18.1487, 9.10925, 18.603, 15.5389, 12.8009, 14.2602, 19.3984, 13.6921, 13.2669, 
28.6358, 35.5542, 28.9894, 26.8827, 30.2795, 35.2942, 33.5495, 32.7218, 30.094, 32.9506, 34.3556, 33.5826, 27.7563, 33.0487, 25.2184, 31.8941, 34.3178, 25.636, 32.5698, 24.8171, 27.4643, 12.4077, 9.31423, 12.147, 8.34257, 7.50164, 11.2227, 12.91, 10.2073, 14.853, 6.47893, 11.3328, 14.1615, 5.53297, 14.1417, 15.0403, 13.5064, 5.2627, 6.36142, 13.7892, 13.5016, 8.49019, 11.2223, 15.3913, 9.33039, 15.9246, 13.675, 13.5071, 12.0273, 12.4, 11.4213, 8.0106, 12.9512, 8.77956, 11.031, 12.1238, 12.0195, 12.9097, 8.29079, 
34.179, 27.0398, 29.3324, 31.8299, 25.8882, 28.2443, 33.851, 26.0531, 31.6576, 34.3626, 27.1225, 30.3713, 33.3303, 24.2152, 28.884, 26.7317, 27.7743, 28.6641, 32.5742, 35.4595, 14.8257, 16.1066, 11.6691, 17.7811, 17.9148, 13.6146, 10.0265, 16.432, 9.32295, 15.2855, 10.7015, 16.7353, 15.4596, 17.8777, 18.0642, 15.6215, 9.39089, 12.0668, 11.5861, 9.60608, 10.2741, 16.5601, 13.4619, 16.035, 9.08389, 19.6345, 12.8002, 19.2449, 11.314, 14.9928, 15.9961, 19.4938, 12.0114, 11.9761, 17.5942, 19.5911, 13.3297, 14.4956, 16.8671, 
34.2888, 32.7982, 32.1346, 28.6556, 27.8811, 32.3877, 28.4602, 29.2266, 24.741, 24.1157, 27.8782, 29.7268, 30.6665, 33.1585, 25.7013, 30.2416, 33.1856, 31.2937, 32.7586, 33.2848, 34.0706, 27.3854, 34.0736, 30.8861, 29.4121, 26.3733, 29.1686, 35.6023, 26.3855, 34.6347, 29.5197, 35.5032, 35.4084, 30.8641, 7.32031, 16.1806, 10.7828, 12.4482, 6.25941, 12.3222, 13.7063, 10.6657, 11.4412, 7.07317, 5.2602, 4.2577, 5.68838, 14.6764, 12.4753, 9.69585, 13.9075, 8.19539, 14.9203, 12.9557, 9.31468, 15.8391, 6.18927, 9.16926, 12.5833, 
26.529, 28.9472, 27.3931, 35.8638, 26.5434, 25.9661, 24.0228, 25.9705, 34.378, 24.7767, 30.1417, 32.138, 26.2775, 30.6827, 29.1859, 27.7978, 27.9436, 26.3025, 32.5059, 35.101, 26.9389, 25.2864, 28.0192, 33.7754, 31.0168, 10.786, 12.4528, 18.9093, 19.1935, 19.9155, 17.9321, 14.6315, 12.2079, 14.2401, 12.1256, 11.6416, 12.2064, 11.0978, 12.8722, 17.6027, 11.201, 19.5343, 19.741, 19.8784, 10.6777, 18.0111, 10.2051, 16.558, 14.2588, 20.0388, 21.0153, 20.5236, 17.0056, 17.5249, 18.8267, 9.86283, 11.2895, 18.8145, 16.2135, 
34.916, 29.66, 33.0619, 27.9406, 33.8525, 33.0916, 24.6089, 28.0563, 36.0235, 34.0868, 26.102, 25.3947, 28.8961, 33.5172, 30.795, 34.5344, 27.825, 30.6617, 31.1766, 28.8278, 17.5344, 17.3497, 17.5712, 15.8761, 24.1194, 19.8053, 20.2137, 24.7621, 23.0978, 18.5586, 23.6553, 18.9269, 16.3458, 23.6163, 17.1555, 26.9088, 19.5512, 26.9584, 21.9587, 23.4992, 22.8419, 19.8736, 16.7299, 16.5639, 20.6305, 19.2486, 16.6223, 21.919, 16.2859, 24.9706, 22.0736, 19.9008, 21.565, 17.1206, 16.699, 17.3431, 16.5855, 23.4151, 19.1675, 
27.5947, 33.8099, 33.0553, 29.3985, 29.1936, 35.8311, 26.2125, 29.3493, 27.4515, 33.0241, 27.6399, 31.0304, 25.5056, 26.7714, 30.8927, 30.5853, 26.2834, 28.2039, 33.0887, 35.3724, 29.6177, 11.7066, 21.4985, 17.4826, 18.8039, 13.4076, 20.4204, 13.1799, 16.6494, 9.61603, 12.289, 18.2743, 15.9509, 13.669, 13.5537, 12.5905, 19.8005, 14.1101, 10.9718, 16.2366, 20.713, 13.2603, 15.8727, 18.5696, 10.6685, 16.642, 13.1516, 18.3988, 18.4407, 12.7455, 11.4433, 13.3503, 10.6384, 12.7029, 9.83893, 10.9751, 16.3196, 20.8867, 15.3906, 
35.6838, 28.1033, 24.0815, 33.7974, 24.9717, 28.8807, 35.8513, 27.6538, 30.2916, 33.6623, 27.0854, 26.3355, 29.4077, 25.0961, 31.2776, 27.1603, 31.7817, 24.6973, 32.7262, 32.9848, 35.2439, 25.7972, 24.7925, 29.3482, 35.8935, 31.5243, 29.8241, 28.4841, 29.9409, 32.7373, 34.4992, 30.1535, 24.4069, 31.575, 28.9744, 32.0465, 14.3751, 12.6632, 14.2782, 18.8622, 10.3085, 10.1668, 16.3376, 9.0666, 14.002, 17.3434, 8.21723, 17.2898, 13.6076, 18.1079, 18.5765, 10.3225, 16.6335, 7.59369, 15.0651, 15.4893, 11.9001, 17.5343, 10.1738, 
30.4227, 31.0532, 32.5713, 31.8354, 34.5932, 30.7723, 28.6126, 34.6369, 27.5819, 28.8502, 27.2205, 35.6827, 35.4565, 27.4867, 27.2528, 28.0409, 31.8765, 24.5134, 32.1207, 28.8146, 33.9267, 34.2263, 24.8854, 29.0159, 25.3807, 24.3004, 26.6653, 30.4175, 28.1419, 22.4235, 21.2234, 16.9244, 23.502, 22.5333, 23.8759, 22.7955, 16.4125, 12.6283, 13.5511, 21.056, 12.7219, 22.6266, 22.0534, 14.8896, 13.9286, 20.8948, 15.121, 19.2599, 15.9953, 23.3342, 23.9284, 22.884, 16.6303, 18.8938, 21.096, 18.7631, 21.4651, 18.7234, 15.3872, 
26.4567, 26.511, 35.3419, 32.0608, 32.2632, 31.0069, 35.1903, 32.0153, 35.7125, 29.3592, 30.3217, 27.1948, 26.4049, 25.7663, 34.9854, 32.698, 32.1901, 24.0911, 34.0754, 26.1857, 12.0221, 15.1641, 17.9983, 14.5431, 10.63, 8.4634, 16.3208, 19.5046, 11.6795, 18.6438, 15.1031, 16.0615, 17.2822, 9.83239, 12.0236, 10.0773, 19.1623, 9.00211, 9.98038, 12.1595, 17.8411, 7.80204, 12.2674, 11.5165, 18.3434, 19.0603, 11.0071, 18.1793, 13.3313, 14.5743, 18.8495, 11.5231, 18.7154, 18.3214, 19.4741, 12.0544, 16.2246, 9.51438, 19.2659, 
31.7568, 28.7952, 24.405, 34.01, 31.7494, 25.6077, 32.9976, 30.9059, 34.0743, 24.9533, 35.8594, 32.2489, 34.5998, 27.0362, 26.8342, 31.011, 28.6093, 33.1555, 34.5609, 30.1921, 35.1708, 28.2531, 31.9242, 33.1856, 31.2779, 29.5792, 32.2353, 27.4934, 26.2771, 27.3608, 28.0607, 31.3532, 31.781, 34.4525, 24.2754, 26.175, 12.9181, 22.468, 13.5321, 12.5439, 22.909, 23.0956, 14.9114, 14.2471, 13.5545, 12.0239, 20.3121, 11.7558, 20.6216, 14.2507, 21.117, 18.3092, 12.1554, 12.1076, 19.8534, 15.3065, 22.8595, 18.9291, 15.2562, 
25.7762, 30.9915, 32.8919, 35.744, 28.5234, 31.3657, 33.4875, 30.3309, 26.995, 30.8038, 33.4317, 27.0946, 24.6584, 32.4244, 24.928, 26.7053, 33.5147, 24.365, 25.2831, 26.0627, 30.722, 33.2058, 26.4442, 32.807, 24.8553, 28.9744, 28.7918, 31.6341, 26.1126, 34.0802, 28.7004, 29.1234, 33.6546, 24.4179, 27.9366, 33.0729, 26.9168, 35.1543, 30.6694, 13.99, 7.05213, 16.4724, 17.0978, 10.6266, 8.21328, 13.2894, 8.94111, 6.26077, 16.7456, 9.87091, 11.4404, 14.1589, 6.58246, 13.1406, 7.07269, 10.9604, 16.8811, 16.4445, 14.2559, 
32.3256, 31.8243, 27.8797, 25.9253, 25.1788, 28.721, 27.6487, 28.002, 24.3162, 34.7852, 24.5262, 35.989, 29.4312, 25.8662, 27.7974, 25.0212, 27.934, 30.5505, 33.4019, 32.9271, 27.9436, 26.6723, 35.0801, 26.0113, 29.259, 22.1652, 17.0866, 17.8027, 10.6772, 18.1185, 21.9181, 21.3104, 18.0876, 15.0592, 19.3858, 10.8542, 10.4763, 13.0942, 19.515, 15.567, 17.6301, 10.5057, 11.2019, 15.2512, 13.9906, 11.5192, 12.6106, 13.3057, 14.2311, 11.8163, 19.8749, 17.6451, 11.6764, 10.2989, 21.4422, 17.2217, 14.1404, 17.398, 10.7484, 
33.9193, 27.1004, 34.7235, 24.78, 26.3807, 32.5125, 28.1004, 33.5069, 28.6666, 27.3266, 30.1113, 33.5415, 29.8447, 33.6994, 24.2585, 26.7439, 28.8488, 35.2567, 28.1301, 24.8692, 31.5027, 29.646, 33.5128, 18.0535, 17.8258, 17.4362, 20.761, 13.5246, 17.4479, 21.5674, 19.7948, 17.1343, 19.8327, 12.962, 19.6263, 18.157, 18.9025, 10.3029, 16.9959, 18.4111, 15.036, 13.0009, 18.0491, 16.4091, 15.9915, 17.9749, 13.5635, 17.0069, 21.4976, 13.2381, 11.7259, 12.7791, 20.4628, 17.8515, 16.0404, 21.7301, 11.7116, 15.205, 10.3966, 
33.5073, 31.6525, 27.3711, 27.3017, 31.156, 35.7246, 30.798, 34.2307, 31.0572, 33.7688, 32.4468, 26.7314, 34.6332, 27.1871, 29.1547, 29.223, 26.1163, 29.187, 29.4337, 34.1999, 28.0783, 26.0432, 26.8063, 29.5865, 32.8952, 33.7956, 35.7672, 30.7282, 28.6174, 28.1562, 26.8114, 30.1417, 15.9122, 9.7892, 9.14326, 9.88358, 11.5096, 12.381, 18.8584, 19.4768, 14.0321, 9.82629, 15.5516, 14.0159, 16.889, 16.2853, 15.6893, 13.9289, 20.0482, 10.546, 20.494, 16.2842, 12.0513, 9.52664, 13.529, 9.55161, 11.4674, 11.6033, 11.8934, 
33.2066, 31.0572, 31.0873, 30.0793, 30.1869, 25.5423, 25.4792, 34.2329, 28.4063, 32.7082, 29.2718, 35.1877, 24.7616, 33.5984, 33.7229, 33.3942, 29.0456, 31.5798, 32.7813, 28.8455, 29.5821, 30.5916, 29.675, 23.749, 22.311, 15.0827, 25.9116, 24.0612, 21.7176, 23.0021, 22.3966, 26.3559, 26.5414, 24.5705, 20.6424, 25.9858, 22.8567, 18.8202, 25.4368, 20.9787, 21.5233, 24.5308, 24.9146, 15.7973, 24.3384, 20.8278, 25.8624, 19.2051, 19.92, 15.1888, 19.6744, 21.5622, 17.2158, 22.632, 22.217, 15.1102, 22.2567, 22.6525, 24.0369, 
27.3894, 33.9344, 27.811, 30.647, 35.8553, 35.6214, 31.1075, 27.6704, 24.3536, 34.2418, 25.3227, 30.4509, 24.3154, 31.4648, 24.3933, 30.5809, 26.9414, 29.4187, 28.5719, 25.452, 27.5565, 25.4707, 29.545, 34.4882, 26.5581, 28.9406, 34.0016, 35.9592, 27.9417, 24.9078, 29.3155, 29.3228, 34.2807, 32.8988, 25.5871, 24.9203, 31.0091, 29.1906, 25.5078, 14.2669, 11.7493, 5.57373, 12.8957, 7.23834, 9.14458, 13.2251, 11.6027, 14.9731, 8.52361, 13.3547, 10.89, 10.5841, 15.6293, 14.9441, 7.46308, 11.2249, 11.3468, 8.38553, 8.38737, 
29.8314, 24.632, 31.6466, 24.9283, 30.3727, 27.5176, 33.4577, 24.3999, 28.6409, 32.5334, 25.2709, 33.4809, 32.5371, 33.4923, 27.2495, 28.9839, 29.7947, 29.9016, 26.4005, 27.1214, 34.0637, 28.5972, 33.3388, 29.028, 33.2481, 25.7549, 29.4613, 30.3298, 34.508, 35.8336, 26.0157, 31.9536, 33.3281, 21.801, 15.7077, 17.8416, 15.1925, 19.5841, 12.0186, 15.0148, 19.5955, 11.4865, 18.2728, 10.3415, 15.1562, 20.7919, 12.1013, 18.7351, 11.4307, 18.391, 15.9707, 16.9632, 11.799, 18.615, 15.754, 14.9546, 17.6444, 14.0527, 13.3847, 
24.4135, 33.0384, 34.179, 29.7543, 28.5208, 26.0061, 26.9256, 29.606, 30.5064, 27.4845, 24.1799, 32.9826, 34.3225, 24.235, 27.6861, 34.2586, 27.9432, 24.7275, 28.6795, 27.8411, 33.5591, 24.3702, 29.4694, 35.1745, 28.0655, 20.0581, 13.8429, 21.0595, 15.6177, 19.5039, 14.8168, 20.7911, 18.7335, 20.5498, 12.7691, 11.0887, 12.7658, 18.4809, 9.25485, 19.0449, 19.7114, 16.5269, 9.53614, 14.0963, 13.1477, 9.09695, 14.2237, 12.8183, 14.4686, 13.4481, 10.0003, 18.0119, 12.4107, 17.8074, 18.4651, 12.0534, 20.6034, 20.798, 15.4598, 
35.4855, 25.5996, 29.9137, 30.1998, 27.6538, 28.6468, 26.5819, 32.9414, 34.728, 29.0474, 34.7059, 34.7643, 28.8161, 30.2714, 25.784, 25.0345, 35.436, 29.075, 24.2666, 24.6254, 28.1624, 26.218, 28.7728, 28.9663, 28.8018, 34.2917, 26.2114, 33.3634, 32.9198, 31.8912, 34.5039, 32.6862, 24.3272, 35.9809, 31.3899, 10.8316, 20.2375, 10.0512, 14.8765, 10.5698, 19.6034, 14.5442, 10.6671, 16.4702, 19.0074, 10.352, 13.4726, 12.1958, 10.684, 16.6201, 20.4344, 17.0688, 18.7441, 9.5992, 11.1951, 12.0023, 10.0171, 17.1489, 14.8504, 
31.0216, 28.1397, 26.7303, 26.5702, 29.5608, 26.9657, 28.0493, 25.6731, 33.7207, 26.2746, 30.4102, 31.1009, 24.0187, 35.6589, 25.2526, 25.9319, 28.6178, 32.4225, 33.6656, 33.7453, 35.1183, 29.1635, 25.477, 31.947, 35.4907, 30.73, 25.8203, 24.6514, 25.5284, 31.3429, 29.0048, 31.8251, 26.8908, 28.194, 31.4289, 16.9348, 8.06973, 16.6039, 14.7428, 10.3421, 8.15492, 10.3953, 17.6887, 16.7905, 14.1377, 15.7608, 6.7874, 13.0624, 16.6601, 15.0205, 9.89077, 9.21618, 11.5499, 8.87687, 18.2204, 9.47691, 10.3424, 16.4302, 11.8976, 
29.6254, 25.5034, 31.5978, 31.4663, 33.5488, 28.2935, 28.9244, 30.6922, 25.3301, 26.8728, 31.817, 24.2666, 31.387, 31.6536, 34.8491, 29.2509, 28.2719, 35.7808, 31.4722, 32.3223, 28.5084, 29.8671, 31.474, 29.1525, 24.1245, 25.3763, 15.9175, 22.2307, 18.264, 24.582, 18.6793, 26.37, 24.1538, 25.9022, 24.7998, 17.2729, 25.463, 22.2961, 26.8757, 24.5111, 25.7024, 21.3556, 25.9675, 15.5065, 24.2809, 25.0252, 21.75, 16.837, 15.0791, 17.3331, 26.7468, 18.8795, 21.3321, 23.6915, 22.3097, 19.1361, 15.2851, 22.5278, 20.6572, 
27.4144, 25.3973, 26.46, 31.9782, 26.1251, 27.4629, 30.4888, 34.9292, 27.558, 30.6863, 27.5106, 32.2694, 32.8335, 27.1294, 24.9908, 32.6095, 25.387, 32.6741, 34.6068, 33.5194, 29.0122, 28.7052, 32.1156, 29.1209, 26.424, 33.4519, 33.6234, 29.4565, 35.0254, 26.6069, 34.4423, 34.8473, 28.8965, 34.4386, 32.0105, 34.8157, 27.7728, 11.5493, 20.219, 19.6781, 14.7151, 14.3835, 15.5557, 9.57331, 10.6357, 16.6386, 17.2361, 19.6428, 18.3168, 15.3225, 19.1063, 11.4546, 16.888, 18.2691, 11.5831, 14.1176, 20.2289, 11.1314, 9.98019, 
35.899, 26.6719, 34.1911, 35.827, 25.1009, 24.8564, 25.8141, 30.6301, 34.2124, 32.5874, 31.0315, 34.3038, 24.5549, 35.8704, 30.6834, 29.0577, 28.6365, 29.8553, 32.037, 32.9785, 26.1183, 26.1073, 25.0956, 22.7028, 17.6979, 16.2812, 18.186, 24.0163, 24.5528, 21.4517, 15.8358, 21.3107, 20.8788, 22.5592, 21.694, 25.8561, 20.5325, 21.542, 25.7658, 26.0184, 20.8204, 24.9586, 18.9593, 23.3458, 16.0682, 22.8361, 21.9393, 25.7221, 19.6707, 26.2986, 21.8787, 16.0021, 15.2879, 16.9459, 17.5338, 16.8464, 16.546, 15.9268, 18.0843, 
24.5383, 24.2802, 28.2814, 27.1316, 26.6623, 32.11, 32.81, 30.4829, 35.8586, 25.3866, 31.3007, 25.4285, 26.8658, 30.8516, 24.4781, 25.6653, 25.2959, 30.2629, 29.657, 25.2948, 25.0223, 35.2641, 26.1089, 9.59991, 12.675, 16.5749, 19.7601, 13.3489, 18.1374, 7.99333, 16.7511, 16.3406, 15.3491, 9.47579, 9.94326, 16.609, 12.3313, 8.64478, 19.4568, 10.8356, 10.349, 9.7255, 14.5746, 18.9589, 15.8224, 17.3644, 11.9145, 13.762, 12.4022, 19.6283, 19.6441, 11.5238, 15.4185, 12.6699, 13.1164, 8.23496, 12.0419, 19.3096, 12.9985, 
34.3354, 30.9375, 31.9529, 31.1457, 24.5189, 24.3933, 27.6961, 29.8744, 26.7666, 33.0887, 31.3705, 26.2327, 26.3833, 35.6614, 32.6631, 27.685, 29.2769, 31.7612, 34.6501, 24.9401, 33.4339, 26.8485, 28.7144, 26.5812, 34.8249, 34.0258, 8.8228, 12.6338, 12.6937, 6.27907, 13.6444, 16.6505, 18.0782, 7.97526, 9.27375, 9.20801, 12.8791, 12.7293, 6.97605, 17.8322, 13.3297, 6.32571, 12.1314, 11.8421, 16.7155, 10.4253, 9.44524, 14.3998, 15.6964, 11.0276, 10.6075, 15.1897, 9.07618, 17.9085, 9.84551, 15.013, 13.9132, 11.7426, 11.6989, 
