28.1121, 36.3293, 29.4486, 36.2299, 36.3084, 27.1836, 33.3193, 30.7454, 27.2486, 35.6898, 28.3023, 34.4149, 36.1121, 32.1317, 38.5204, 31.5615, 30.0991, 35.5261, 34.4978, 33.9079, 41.7105, 40.1728, 40.6953, 36.2342, 32.534, 40.753, 43.6766, 40.6874, 32.3973, 37.5158, 44.2263, 34.2962, 33.8502, 41.4931, 37.198, 38.8984, 42.4324, 45.5173, 45.8172, 45.8344, 39.4513, 41.1374, 42.3521, 38.8468, 41.1352, 47.2166, 38.3026, 49.9033, 46.9802, 49.8109, 43.6625, 42.2603, 49.1265, 47.7338, 46.039, 46.8042, 52.0079, 43.246, 46.1068, 
33.8521, 29.3957, 31.5708, 31.1028, 25.3776, 31.4809, 36.1373, 32.8189, 37.5624, 31.6066, 35.3645, 34.9452, 38.5599, 36.8803, 38.5829, 31.8456, 32.358, 31.984, 35.6291, 35.851, 30.4303, 35.6409, 33.5137, 34.9342, 35.8212, 35.5492, 36.5261, 35.8597, 35.5282, 42.8287, 40.8326, 39.7685, 39.1554, 43.7347, 36.4371, 43.822, 39.3814, 41.5543, 39.4323, 36.2012, 40.5088, 38.638, 39.1037, 41.9803, 42.6664, 43.1847, 39.2537, 42.7773, 43.7083, 46.995, 42.2052, 44.2995, 42.6413, 46.78, 46.5499, 42.4782, 46.4594, 43.2089, 51.5067, 
24.3698, 27.8755, 30.794, 36.7516, 30.1614, 34.2076, 30.7986, 37.802, 33.6575, 37.9637, 34.2014, 31.489, 33.0737, 29.0628, 39.3386, 40.3215, 34.6842, 38.0191, 41.299, 41.7387, 31.535, 38.8591, 35.8947, 35.9258, 42.1618, 33.023, 34.1796, 33.8405, 39.7122, 40.8846, 41.2693, 44.0432, 41.0983, 46.3791, 43.4581, 46.6678, 42.1843, 42.5297, 41.6119, 45.1653, 44.5637, 42.871, 42.4655, 39.7585, 40.43, 50.1219, 45.8121, 49.3347, 44.6657, 51.6751, 47.5062, 49.7913, 52.6863, 45.2849, 48.1314, 51.8167, 49.2607, 44.194, 51.1619, 
28.4257, 26.9938, 26.9668, 30.847, 35.515, 34.0646, 33.1163, 27.1808, 37.2714, 36.2559, 29.6748, 36.6051, 35.1412, 39.0806, 36.7262, 39.4162, 32.78, 35.5054, 33.4954, 37.0514, 34.0591, 31.4759, 39.7085, 32.1267, 32.2649, 37.7158, 33.4, 41.8694, 43.5012, 37.201, 37.9621, 37.0262, 38.7755, 39.9923, 43.3845, 41.2662, 44.3841, 42.2948, 46.3428, 42.4979, 36.4419, 37.5313, 42.5587, 47.3838, 43.5715, 40.6887, 39.4836, 38.767, 47.4946, 45.1023, 43.0655, 46.9664, 47.4131, 41.3982, 50.551, 46.5232, 46.3846, 41.8187, 51.2098, 
33.7317, 28.6552, 25.6557, 31.9649, 28.9012, 31.4115, 33.6236, 32.7951, 37.216, 36.4011, 35.1056, 37.7723, 38.7843, 32.8908, 38.8768, 36.7014, 33.8543, 32.9285, 36.6025, 37.3403, 32.8377, 42.6065, 36.4027, 38.4143, 36.4863, 38.8038, 43.8872, 39.8808, 36.6834, 40.5205, 36.1627, 38.1798, 38.2165, 45.0537, 40.4969, 44.4415, 47.7718, 38.4642, 38.2428, 49.3243, 42.5451, 43.1051, 46.3689, 44.6547, 45.2055, 50.6693, 49.0697, 49.6051, 40.852, 44.1984, 47.5691, 47.0216, 43.1834, 53.764, 44.9842, 54.3964, 45.5357, 52.1732, 53.873, 
29.6489, 33.096, 35.7914, 36.134, 35.4777, 31.3674, 28.5086, 26.3133, 29.4857, 28.9099, 31.5858, 33.4674, 31.8387, 31.5545, 39.1221, 34.5039, 35.65, 29.7436, 32.0648, 31.2191, 39.18, 35.8005, 30.3469, 39.7763, 36.7882, 40.3763, 38.5427, 38.6562, 38.2074, 40.3655, 41.8373, 42.4142, 35.2894, 43.908, 34.6427, 41.4042, 45.9559, 36.3065, 46.134, 34.9716, 46.2074, 41.103, 36.7349, 42.6702, 40.2554, 43.5537, 38.9576, 44.2462, 43.5323, 43.1027, 43.5932, 45.8035, 48.1441, 50.2292, 40.7608, 42.3952, 46.3509, 41.5778, 41.707, 
27.0362, 31.8087, 33.7103, 31.5795, 31.8397, 28.5, 29.6826, 34.84, 27.4564, 35.8762, 37.0827, 39.2002, 29.8161, 29.3745, 29.8381, 31.0861, 36.1436, 33.4946, 36.3367, 34.8118, 36.1365, 41.6405, 38.465, 43.9474, 32.8479, 39.2058, 42.2322, 39.5784, 43.5699, 38.5293, 40.5917, 43.1789, 44.991, 40.3601, 40.3059, 37.5226, 37.49, 47.0467, 41.9242, 40.2884, 48.4371, 42.1013, 48.4543, 43.4423, 44.8052, 49.3108, 51.9711, 42.8951, 44.2521, 41.6542, 49.6671, 52.0086, 46.0154, 53.8575, 50.6243, 46.6934, 46.7181, 52.2497, 52.6182, 
26.2911, 24.6488, 31.1276, 32.9299, 34.4722, 29.5774, 35.3982, 29.3368, 38.764, 36.5588, 29.6411, 33.2196, 34.6822, 31.39, 37.1512, 38.6461, 34.6698, 34.9155, 31.4544, 34.9168, 34.3557, 31.2761, 32.7284, 37.6711, 41.0701, 34.2816, 42.5605, 39.453, 43.1579, 42.5923, 35.5034, 42.5547, 45.3092, 37.5123, 39.4013, 42.1568, 36.4175, 38.8077, 41.6367, 38.3518, 39.2452, 47.4581, 42.0507, 41.3258, 48.2452, 47.1835, 49.8631, 52.0311, 40.9193, 50.0902, 44.5092, 42.785, 49.555, 45.4105, 46.6866, 52.493, 45.5301, 53.2799, 54.7975, 
25.9048, 32.5737, 32.12, 28.5292, 26.0055, 26.1566, 34.0539, 27.642, 37.1081, 32.7321, 38.3824, 31.2005, 37.9664, 31.0614, 32.8455, 33.17, 36.7454, 32.4716, 38.4409, 40.271, 38.7913, 34.6562, 38.9426, 32.2304, 41.0263, 39.992, 41.7743, 33.366, 41.3157, 40.9748, 32.9557, 44.683, 45.1334, 37.83, 40.0901, 36.9142, 45.8312, 39.036, 42.0486, 42.4791, 45.0785, 37.6194, 47.6069, 41.3996, 41.6385, 46.32, 45.6012, 40.1456, 43.0164, 40.0902, 40.5583, 50.4796, 40.1837, 45.4554, 44.8229, 42.3763, 48.0405, 44.7052, 48.6185, 
29.6857, 25.7525, 28.7642, 35.7117, 26.979, 34.0573, 35.4286, 36.5014, 32.1856, 33.9575, 38.2269, 37.2348, 32.2903, 29.2495, 29.2298, 33.2686, 36.2711, 37.9417, 42.1983, 39.001, 32.9255, 39.7805, 40.7637, 39.7826, 34.3626, 39.8093, 36.1034, 37.4817, 43.0897, 36.2459, 46.4239, 41.1753, 39.3342, 35.9559, 46.0344, 40.9368, 43.1277, 38.1726, 45.772, 44.8258, 46.9587, 45.5035, 43.4366, 48.5899, 41.9944, 46.9461, 46.1673, 42.2389, 41.9692, 43.9809, 47.8115, 43.3448, 50.9783, 52.4374, 54.9188, 44.6265, 47.7439, 54.9316, 56.4484, 
31.9602, 25.7506, 30.7712, 26.7175, 25.6023, 36.0902, 35.6161, 29.976, 29.4513, 33.2844, 35.3669, 38.0881, 36.8697, 28.9326, 38.2175, 35.8776, 35.0811, 37.7266, 40.9207, 36.9452, 37.8868, 40.9712, 37.4514, 35.1178, 34.268, 33.9839, 40.7591, 36.9617, 42.7715, 44.9389, 33.7534, 41.858, 34.4006, 42.8055, 36.4193, 46.7352, 46.2718, 43.1024, 36.7308, 38.2269, 44.202, 40.3242, 44.4635, 49.3417, 49.0072, 39.6666, 39.6413, 50.8915, 48.5847, 45.5287, 50.6493, 43.5572, 42.0975, 50.7904, 49.5213, 48.6349, 51.1868, 52.8154, 43.8219, 
24.3217, 33.0434, 26.387, 32.605, 30.6259, 25.6265, 29.8207, 37.5495, 27.2731, 27.9082, 32.2644, 38.2297, 31.721, 29.6619, 40.2461, 33.3738, 34.959, 30.2166, 36.6064, 41.729, 36.8269, 36.2858, 36.65, 37.3854, 36.9861, 36.4116, 33.9599, 35.6302, 43.5881, 42.6446, 33.2811, 37.9087, 35.3365, 43.4145, 36.9935, 43.8325, 35.2567, 42.4375, 38.1842, 43.3817, 39.3385, 39.6461, 43.2657, 40.8055, 42.5956, 44.7639, 44.7883, 47.4322, 50.1073, 39.6678, 39.5953, 46.7721, 50.8566, 40.3297, 49.0613, 49.6054, 46.4916, 42.1157, 44.0376, 
31.5669, 35.213, 29.1733, 25.3707, 31.1327, 31.5935, 37.8736, 33.0938, 29.6342, 35.4663, 28.1204, 33.3485, 30.3369, 33.5632, 32.0843, 30.7322, 34.9871, 40.2038, 38.3768, 30.8851, 34.0266, 31.8949, 39.3369, 32.4948, 38.097, 34.8148, 40.8335, 35.494, 36.9015, 45.1702, 43.9814, 37.2477, 42.2271, 46.0318, 38.2581, 42.6797, 41.0243, 41.3018, 39.4822, 48.0986, 39.4149, 45.5221, 43.6837, 48.7366, 47.5949, 46.4417, 50.6511, 41.8011, 42.1036, 47.5171, 52.2549, 50.9825, 44.2142, 50.8325, 43.0698, 47.9534, 50.1009, 51.5143, 44.6568, 
28.3009, 24.3384, 28.9174, 28.7941, 26.2872, 25.8074, 29.941, 26.2462, 34.0405, 37.2671, 30.8945, 32.3459, 33.0309, 28.3692, 37.7044, 37.9917, 30.5435, 31.2921, 38.4016, 35.9718, 39.1954, 41.259, 38.3452, 31.106, 35.9777, 38.6302, 43.5809, 37.534, 44.0964, 39.6928, 42.338, 33.4382, 41.6744, 41.1512, 40.703, 42.0472, 45.1459, 42.1958, 46.0451, 44.4776, 47.3329, 45.2579, 42.195, 37.6585, 37.7141, 38.8288, 42.4828, 39.161, 49.5987, 43.9513, 48.0416, 39.3147, 40.5564, 47.2616, 45.6188, 51.399, 44.1778, 46.5862, 52.7879, 
34.4492, 26.4997, 34.6377, 25.653, 32.8281, 30.8026, 29.2867, 27.8234, 31.9161, 30.9889, 32.1035, 36.4646, 31.8524, 37.4099, 33.8718, 31.7577, 35.9547, 34.0551, 34.6152, 31.3121, 40.638, 34.3641, 40.1079, 41.9697, 43.1254, 35.5346, 38.0108, 36.6408, 34.2333, 41.6674, 44.2537, 45.2864, 45.8013, 43.3145, 39.5465, 46.0647, 39.5513, 39.5448, 43.0698, 46.5856, 43.8715, 38.2204, 46.9668, 41.2845, 48.5526, 48.401, 46.649, 42.3342, 51.9334, 48.7063, 46.9668, 50.606, 47.2478, 53.846, 50.6377, 43.759, 53.8381, 46.5532, 53.3696, 
24.3456, 30.8076, 24.7986, 35.3768, 26.9198, 30.5077, 27.8785, 29.284, 29.5573, 38.7845, 33.4534, 32.1855, 37.3762, 39.186, 40.0274, 38.6795, 30.0653, 39.7461, 31.7761, 41.3206, 32.2706, 37.8164, 37.4266, 41.9964, 32.8358, 41.2309, 44.1993, 40.8592, 43.5767, 43.9011, 36.4305, 36.2811, 40.7584, 40.4456, 37.4125, 39.2149, 43.8438, 38.1216, 39.0122, 39.1647, 38.5927, 42.3586, 46.5682, 45.4791, 47.2092, 46.3618, 39.3906, 44.9108, 40.5828, 49.2203, 50.2986, 47.2805, 43.4531, 48.7537, 44.1947, 48.1568, 43.3129, 45.567, 51.7966, 
35.7022, 33.598, 32.6245, 25.9157, 36.6984, 26.4159, 32.696, 34.5439, 29.3874, 36.5092, 37.3475, 36.5705, 32.8711, 28.0811, 35.2903, 30.8271, 29.4173, 39.835, 32.1149, 38.5497, 39.8368, 38.5563, 33.7897, 40.078, 38.1321, 38.2958, 39.58, 39.7118, 35.1943, 37.2892, 40.2604, 42.503, 41.6319, 40.7333, 35.5221, 45.6441, 34.9448, 34.4178, 42.3861, 44.8266, 38.217, 44.9621, 36.3221, 37.8975, 38.4535, 43.365, 37.5468, 38.2217, 44.2621, 44.2088, 43.5438, 43.9774, 47.1065, 48.9249, 44.3354, 47.9936, 41.4307, 41.0734, 50.187, 
32.3432, 36.3071, 35.1247, 36.4052, 26.1914, 35.4425, 29.1227, 31.9731, 27.6488, 32.0922, 36.1119, 37.0215, 33.1691, 35.2322, 40.1699, 36.2194, 31.36, 40.6177, 30.9077, 39.8448, 36.0001, 35.5235, 38.8957, 33.1638, 34.845, 39.5062, 38.9345, 33.4707, 36.6057, 43.1974, 38.9248, 35.5659, 43.492, 38.0216, 40.344, 41.5797, 47.4729, 46.9747, 43.6826, 40.1522, 46.1108, 48.5374, 49.5793, 46.6475, 43.7568, 40.7776, 48.5116, 45.3375, 46.0003, 41.4594, 46.0434, 53.5436, 49.2516, 42.5785, 44.2902, 52.3988, 45.3927, 52.0673, 50.6687, 
24.9243, 32.8745, 31.5197, 34.5193, 34.9922, 35.4305, 34.9666, 27.5581, 35.7397, 31.2382, 27.7902, 32.6381, 36.1614, 39.8309, 34.4529, 34.0267, 36.8333, 36.8996, 33.1744, 38.2467, 32.2014, 39.1843, 39.6869, 34.8872, 33.3844, 31.5489, 38.7227, 41.2024, 44.1856, 34.4332, 35.8557, 38.3383, 37.3177, 38.3065, 39.0474, 46.2477, 44.0215, 43.1543, 37.9602, 36.8397, 43.0985, 37.9139, 43.0857, 40.7167, 39.295, 37.5623, 48.1818, 38.7467, 41.1265, 48.8762, 50.2708, 41.963, 51.3178, 46.4597, 50.8545, 47.2971, 44.6721, 46.6612, 52.2696, 
29.9787, 26.9214, 29.0286, 28.0369, 28.7972, 30.2258, 25.9078, 32.0277, 33.1842, 36.5745, 28.4837, 28.9623, 33.5259, 31.8056, 33.7718, 37.8599, 32.8174, 37.3519, 36.6338, 35.0328, 32.9145, 32.6569, 41.4258, 40.9798, 34.0663, 42.3135, 36.7227, 41.2863, 39.0765, 40.8565, 35.7784, 35.2097, 35.3946, 44.0842, 38.7009, 42.3622, 42.7579, 39.8416, 43.064, 48.3103, 43.2505, 42.9168, 43.1707, 44.3941, 49.8599, 47.3046, 48.4196, 46.327, 46.1714, 40.1598, 48.9578, 42.3068, 41.2483, 43.2303, 43.3112, 44.0028, 44.5329, 45.2583, 44.1296, 
24.4487, 25.0134, 28.8794, 32.3888, 28.8399, 33.3639, 33.0715, 36.7042, 37.407, 28.3802, 31.9234, 35.5111, 34.2106, 37.1365, 36.5352, 37.4172, 30.1436, 31.1202, 41.7328, 35.2725, 36.4637, 37.2219, 31.5265, 33.4077, 32.7088, 36.9497, 42.3157, 34.0062, 45.1905, 39.2968, 42.0494, 46.1541, 37.1159, 44.8689, 39.3513, 42.7373, 39.3974, 46.0369, 48.4656, 37.0373, 42.7011, 45.4482, 47.2629, 47.7618, 43.6973, 45.1319, 47.5206, 40.125, 42.8207, 48.7008, 41.6964, 44.9131, 49.5792, 52.9498, 53.7033, 49.7856, 49.1521, 47.2806, 45.8678, 
25.9184, 33.6631, 27.4047, 36.2824, 26.6228, 32.8814, 35.8457, 30.87, 33.2648, 31.9928, 30.9717, 35.9902, 30.7413, 32.2926, 38.6581, 35.1516, 35.5343, 41.1937, 40.5702, 41.5534, 31.1792, 32.6776, 34.1609, 33.9128, 41.9528, 34.5784, 37.0363, 35.1162, 42.8199, 33.2403, 37.5747, 39.26, 35.4234, 41.8602, 44.0871, 40.1466, 36.2934, 47.1174, 41.8765, 47.303, 42.3306, 48.0469, 46.5807, 41.764, 44.631, 46.1473, 39.0932, 46.4729, 47.4142, 44.2526, 42.6435, 46.953, 42.7895, 45.5254, 43.0982, 45.3975, 42.5138, 49.9307, 49.1692, 
28.4727, 31.5602, 30.4749, 28.7568, 31.2795, 29.1168, 31.8707, 38.4835, 28.1968, 29.324, 39.1605, 34.49, 38.2186, 38.6595, 41.0727, 32.1245, 40.6192, 37.3332, 36.0434, 32.3717, 37.5497, 33.6537, 33.0634, 32.8477, 40.611, 33.627, 42.1151, 33.9285, 35.9172, 38.9621, 39.5318, 35.8804, 36.3304, 36.2708, 44.027, 40.8989, 46.764, 42.503, 48.0721, 43.8915, 39.1861, 49.0656, 48.6601, 49.9823, 39.9923, 50.0109, 42.4674, 42.4051, 41.3213, 44.8619, 48.9555, 47.0568, 43.5372, 45.0368, 50.492, 48.9223, 48.7547, 46.6409, 45.3936, 
24.7267, 32.7481, 33.0513, 27.5392, 31.2707, 28.4246, 28.3125, 27.8699, 37.919, 33.0452, 32.5195, 28.274, 30.1753, 31.9852, 29.2459, 36.3192, 32.2506, 34.474, 40.0221, 38.3023, 34.8734, 32.9619, 31.1455, 33.6443, 37.9994, 38.9386, 36.3561, 35.3748, 38.8335, 42.1585, 40.0035, 43.0935, 42.248, 35.0372, 37.7251, 36.9207, 44.3392, 45.4385, 35.8543, 34.9254, 42.14, 42.8556, 45.5868, 45.9469, 44.2983, 46.2639, 37.6888, 44.5304, 39.4736, 45.9538, 46.1358, 40.5546, 41.6554, 43.5571, 49.5408, 45.3775, 48.8332, 39.1683, 47.3902, 
24.6489, 31.2839, 34.2765, 32.7512, 31.8226, 29.2669, 26.8974, 26.6107, 34.4524, 28.1966, 29.5422, 39.4187, 39.6156, 40.3127, 31.421, 31.7766, 37.8726, 37.6285, 38.7321, 31.8649, 39.0034, 38.7545, 38.3063, 41.4516, 36.6026, 36.1195, 42.9675, 33.6817, 34.2749, 39.2226, 41.4984, 44.5167, 43.5551, 46.2737, 43.1069, 40.8373, 41.9005, 39.3583, 39.2858, 48.4083, 41.5426, 44.1169, 48.889, 42.2135, 40.9427, 48.2482, 45.2533, 46.2637, 45.7478, 48.4492, 51.5267, 53.6864, 51.3172, 44.1709, 46.588, 45.734, 53.3818, 55.2757, 51.9602, 
32.5478, 32.5061, 29.5296, 27.3467, 36.3129, 26.8264, 29.4301, 36.1846, 32.9603, 29.9999, 37.6376, 31.695, 35.1879, 34.2799, 40.499, 39.1654, 32.1929, 39.3425, 34.9055, 38.059, 36.8012, 38.7487, 34.3022, 35.7306, 34.2872, 36.6112, 44.2668, 39.9184, 42.3345, 43.6927, 39.6138, 38.6879, 40.349, 44.2939, 41.1709, 42.3476, 37.7411, 39.5935, 47.4305, 43.3212, 39.3822, 38.4589, 39.5526, 44.7633, 45.4976, 41.2314, 43.5444, 49.997, 48.7578, 43.9353, 46.9441, 43.2299, 45.4969, 48.245, 54.6543, 46.1633, 47.8938, 44.4914, 45.1562, 
33.3211, 33.8022, 25.1264, 29.7809, 33.5971, 28.5332, 30.8284, 36.7631, 26.9444, 30.4062, 36.859, 35.0296, 29.395, 32.4125, 31.2301, 33.2411, 30.6945, 36.1789, 42.3222, 32.9842, 36.6421, 34.7481, 41.635, 33.2312, 39.1629, 43.7029, 38.4312, 36.7057, 40.8325, 41.126, 38.7505, 41.9806, 37.9706, 43.8946, 40.64, 47.2585, 40.8873, 48.4388, 38.9033, 49.6617, 47.4346, 39.3984, 42.7527, 41.9136, 48.4483, 46.999, 43.564, 50.4083, 41.392, 47.4563, 44.4217, 48.0844, 46.5641, 48.2262, 52.5518, 50.824, 54.042, 56.144, 50.0648, 
31.7597, 26.7631, 34.0283, 31.7494, 32.4293, 29.3602, 33.2741, 31.7786, 27.7433, 28.1499, 34.749, 30.5158, 29.176, 30.8084, 39.5435, 30.5461, 41.4827, 39.6908, 32.8415, 33.3844, 38.5006, 35.6879, 33.8578, 41.5827, 42.5696, 36.2763, 43.5169, 42.7135, 41.7174, 38.6222, 36.1531, 41.7926, 38.2943, 37.6334, 39.2254, 46.2512, 47.4275, 38.1094, 38.1992, 45.9487, 50.1906, 46.3298, 39.3872, 48.7683, 44.75, 44.4633, 51.9668, 45.8226, 43.9532, 53.4588, 45.1991, 51.0468, 54.3225, 47.1479, 51.2025, 53.1001, 53.387, 51.8481, 48.1408, 
27.5209, 24.4954, 31.073, 30.5883, 34.1096, 29.2369, 26.0058, 30.209, 29.4867, 32.6091, 29.6593, 38.3381, 38.5963, 36.8248, 38.9036, 35.7926, 30.2259, 34.7974, 34.2268, 40.9726, 39.5, 41.2546, 38.3154, 31.8876, 36.2942, 31.7451, 41.8245, 37.9889, 42.3229, 38.101, 37.3753, 39.6793, 43.0327, 41.2381, 35.808, 41.3902, 40.6234, 42.2241, 41.0002, 40.33, 34.9903, 36.7261, 37.7775, 40.1949, 38.249, 45.1358, 41.4218, 36.5087, 41.9998, 43.823, 46.7079, 38.653, 42.9917, 46.0701, 45.3095, 43.2234, 46.3451, 45.7822, 45.7649, 
32.3957, 32.2213, 28.0688, 25.886, 30.9793, 36.8497, 26.7479, 27.1984, 30.0815, 37.0796, 29.4789, 36.6411, 37.5669, 30.026, 36.9319, 34.0419, 30.0568, 30.6748, 31.2297, 33.9075, 39.2913, 36.901, 34.2637, 38.3258, 42.2316, 41.7982, 36.1144, 42.6318, 41.832, 39.542, 39.1234, 43.0717, 33.52, 37.2032, 35.9991, 37.8139, 39.766, 42.7966, 47.1673, 42.7434, 40.1335, 41.9821, 47.7816, 41.1944, 39.3635, 42.0016, 41.974, 45.4776, 40.7163, 38.8372, 42.5553, 44.9676, 46.7912, 46.3435, 45.29, 42.6728, 47.5818, 43.3338, 44.7413, 
31.4318, 30.3095, 28.1229, 36.9115, 36.1714, 34.0891, 29.1051, 30.8835, 38.2516, 35.4753, 31.1552, 31.3416, 29.7808, 36.1498, 29.0212, 36.6111, 37.9999, 38.1595, 36.0045, 38.7071, 33.2127, 32.8299, 40.5084, 34.8711, 34.0653, 35.3912, 42.0429, 41.3847, 37.5244, 43.8566, 37.7133, 39.3462, 44.6718, 35.3403, 40.7883, 40.8014, 38.2953, 46.818, 38.4677, 36.446, 39.0032, 44.3924, 42.6499, 37.3629, 47.7029, 49.2231, 44.5479, 44.2041, 49.3061, 43.6927, 38.9958, 47.9871, 41.9282, 41.7305, 49.6172, 52.3466, 49.8546, 51.4283, 43.9403, 
30.9449, 24.5183, 30.0238, 29.9887, 36.3021, 29.505, 34.6694, 30.524, 32.8924, 37.4005, 37.971, 32.8752, 31.0555, 30.4222, 35.5124, 37.0662, 40.313, 41.4691, 39.0166, 31.6493, 41.9018, 39.4787, 36.7163, 35.8777, 44.2468, 35.2585, 38.3573, 44.4224, 45.7637, 44.1664, 44.265, 43.4577, 36.2302, 41.388, 36.6205, 44.3547, 41.6106, 39.5404, 48.9748, 39.0861, 42.7474, 39.2986, 51.1563, 40.1715, 49.5644, 42.9311, 42.5207, 49.1011, 52.8935, 49.9089, 42.5705, 43.8721, 51.3467, 43.9797, 47.0024, 46.1693, 55.8344, 47.2937, 47.324, 
24.2596, 27.5917, 26.4535, 33.5624, 36.2375, 37.0042, 36.2248, 28.0765, 35.1197, 37.8498, 36.6445, 29.8328, 31.4669, 34.2231, 34.4477, 39.7841, 37.1638, 36.4914, 34.9427, 35.056, 39.4049, 32.5474, 39.5079, 38.1208, 41.3544, 35.7972, 41.518, 34.2679, 40.5013, 43.2969, 39.1167, 43.077, 38.3446, 44.303, 41.154, 41.954, 48.6909, 45.0179, 48.6085, 47.4285, 41.7677, 45.2213, 47.9727, 40.2393, 44.1321, 40.8774, 47.0609, 51.9444, 42.7847, 48.5702, 45.3147, 50.9448, 45.8286, 45.3599, 53.3005, 53.9625, 56.3839, 48.541, 53.4738, 
28.5737, 31.9801, 35.536, 30.7435, 29.2166, 27.1335, 34.9329, 37.0676, 30.8984, 33.715, 31.9925, 28.642, 28.1787, 35.8786, 32.3787, 35.8828, 34.2594, 35.6442, 31.4932, 38.1146, 40.1006, 38.6828, 34.5627, 31.155, 41.8052, 39.8395, 41.4069, 32.402, 38.8886, 35.8485, 33.8597, 41.8581, 44.4166, 38.5441, 33.9088, 43.6956, 33.6809, 43.8169, 41.9056, 42.7194, 40.8735, 37.9112, 43.2337, 39.8462, 41.6295, 44.4557, 37.1892, 37.2161, 47.4895, 41.1267, 47.8348, 49.2523, 38.1268, 38.1232, 46.5083, 41.8289, 49.0871, 51.0918, 46.5791, 
33.7673, 32.8066, 25.0208, 36.4406, 26.2249, 32.8785, 37.5451, 32.3493, 26.9596, 30.3879, 33.4428, 35.6373, 34.1618, 38.8765, 37.9955, 31.4546, 35.7448, 29.8644, 36.0587, 36.0741, 40.2894, 40.0573, 37.0067, 41.9414, 38.8292, 40.8276, 34.5988, 37.3044, 43.7381, 33.6241, 35.1179, 37.6095, 44.1691, 34.7551, 44.3571, 35.7986, 36.3421, 40.1725, 42.4115, 37.3291, 40.3208, 42.8285, 41.4037, 38.9044, 44.9903, 48.8365, 38.5132, 44.551, 45.5612, 44.6729, 43.6674, 50.2274, 43.1184, 42.1526, 42.3923, 42.4613, 50.2119, 45.1141, 49.1241, 
31.4057, 25.2827, 27.6296, 25.0763, 35.6963, 35.9387, 26.5382, 28.4367, 36.0022, 32.0851, 34.4265, 29.1624, 28.8315, 32.5008, 24.1998, 26.8276, 25.951, 24.5696, 31.8324, 33.4445, 34.6182, 31.1097, 29.5821, 28.1562, 26.5529, 30.4796, 34.8113, 35.3798, 47.9502, 43.1994, 44.17, 53.0376, 45.2169, 48.519, 44.6786, 50.8273, 52.1361, 44.2174, 52.5165, 54.0078, 48.3662, 45.38, 45.9356, 51.2816, 50.7443, 46.6462, 43.9354, 43.0713, 48.1833, 44.5527, 52.7787, 53.0626, 52.7824, 48.1419, 47.6909, 46.2305, 46.4262, 42.1283, 48.7797, 
35.9703, 29.5733, 25.2482, 24.0154, 29.7918, 25.5886, 30.9889, 30.1572, 35.3989, 27.3175, 35.1341, 35.4378, 33.8374, 27.5378, 28.9916, 30.661, 32.1626, 24.5743, 25.3029, 32.6745, 25.1957, 24.2145, 29.9291, 32.4321, 32.5121, 32.5327, 28.7911, 29.6614, 32.0443, 33.9737, 31.0506, 47.5933, 43.2439, 43.6985, 51.4601, 44.6485, 46.564, 45.7935, 46.5441, 50.9886, 41.6021, 51.9933, 49.794, 48.4757, 49.7345, 43.1349, 49.9864, 42.2763, 50.7201, 52.0524, 50.3393, 48.4783, 45.4201, 43.0985, 46.4027, 47.6047, 52.3653, 50.3004, 46.2786, 
32.6594, 24.679, 29.9574, 34.71, 34.8073, 33.8411, 25.9011, 30.574, 30.4399, 29.6056, 28.8796, 31.4777, 32.1728, 29.5263, 30.6125, 31.4087, 24.2512, 31.8232, 33.1522, 28.0479, 46.8552, 45.1847, 43.6563, 44.3996, 45.8626, 47.8772, 48.3971, 40.0653, 40.6007, 48.1596, 40.2151, 43.5851, 41.7204, 43.6284, 39.9555, 41.7604, 43.0894, 39.4554, 41.6998, 41.6131, 49.8256, 44.0041, 39.4462, 45.9952, 44.6864, 44.8248, 40.4678, 45.1025, 39.087, 43.6141, 46.1648, 45.3382, 48.1812, 42.2231, 47.42, 42.641, 40.0264, 46.2647, 39.3397, 
35.812, 33.6685, 24.2288, 35.1929, 26.6499, 32.2937, 30.4469, 35.0999, 29.0838, 25.506, 28.328, 27.3259, 26.6634, 25.5989, 25.98, 27.0622, 29.7543, 32.1993, 34.6358, 24.4216, 26.6612, 29.9864, 28.8627, 27.1067, 25.5868, 26.7692, 26.3693, 33.0674, 29.8663, 26.9991, 24.5696, 55.6582, 55.4592, 54.2151, 50.2818, 46.4359, 46.361, 46.4939, 48.8786, 43.898, 50.8333, 52.4899, 50.9857, 55.1537, 55.6402, 45.5222, 53.0308, 46.9544, 45.7485, 48.0179, 49.7379, 47.6602, 48.8941, 53.4615, 53.1835, 49.4603, 45.3654, 51.8751, 53.9679, 
26.8529, 26.518, 35.6005, 30.8821, 35.7051, 24.8784, 29.2443, 25.7017, 33.4864, 31.4413, 25.5596, 25.8064, 27.0303, 29.7756, 31.5412, 34.8249, 33.8933, 32.2962, 25.2757, 30.3929, 30.5042, 26.7365, 33.789, 26.9278, 30.0683, 26.7178, 30.9838, 28.3442, 33.3979, 34.252, 27.565, 30.5233, 35.0412, 28.8719, 32.9517, 34.8036, 51.2741, 50.731, 51.2686, 46.5788, 46.8193, 54.4854, 51.4647, 51.6828, 50.6447, 45.4107, 48.4784, 51.8378, 50.0127, 43.3216, 44.0696, 44.659, 49.402, 48.8178, 48.4784, 53.5578, 50.8327, 49.666, 50.7493, 
32.8581, 28.877, 26.7993, 28.6479, 25.1799, 32.4953, 28.436, 27.2752, 28.0177, 35.9317, 30.1498, 34.9722, 24.2501, 32.3425, 28.5528, 31.3793, 28.147, 29.101, 25.4568, 29.5167, 35.5292, 24.3437, 27.5389, 24.1421, 35.8087, 26.5022, 25.3499, 26.1453, 30.6338, 29.9567, 31.7601, 26.9341, 53.6177, 54.1013, 44.966, 51.2355, 53.9254, 52.942, 54.5339, 48.2809, 46.0118, 53.8997, 50.561, 55.25, 52.6684, 45.4573, 47.4392, 47.3272, 51.1441, 44.522, 46.2057, 52.6424, 49.8401, 54.3573, 53.9489, 53.4359, 49.3972, 44.4442, 49.4703, 
27.8106, 28.7548, 32.4325, 33.3079, 26.9826, 27.1544, 34.3736, 33.2675, 30.177, 31.3139, 32.1122, 35.5571, 30.5192, 27.479, 31.665, 25.5846, 31.3213, 24.8273, 26.3755, 26.8768, 29.5542, 28.3369, 31.6778, 41.9277, 44.4972, 38.6863, 44.8978, 46.4328, 39.8577, 40.2922, 46.1152, 45.1934, 46.9825, 48.9556, 37.8626, 42.1437, 39.2709, 38.4667, 37.7642, 41.0806, 45.8996, 46.2628, 45.9477, 47.2436, 40.3002, 46.225, 43.1025, 44.5637, 46.009, 47.775, 43.6467, 48.2388, 40.6087, 42.6111, 40.4372, 49.5075, 38.687, 40.1133, 44.445, 
30.2372, 26.8089, 25.4501, 35.0265, 35.9736, 28.1885, 24.6999, 30.1447, 26.8247, 33.974, 26.5683, 31.9419, 32.6205, 27.2334, 26.6275, 32.8636, 24.2317, 28.1176, 27.7438, 32.8933, 30.1039, 28.551, 32.9539, 32.352, 27.0006, 26.684, 40.8199, 45.1325, 37.9809, 45.1252, 39.4241, 48.8099, 39.6874, 40.3572, 45.2732, 42.7401, 41.0681, 45.9228, 37.5487, 45.0345, 42.6035, 46.3565, 38.5428, 43.0893, 45.6338, 44.7649, 47.6348, 42.7438, 38.758, 38.9529, 42.2278, 48.927, 45.362, 42.7864, 47.5213, 44.3544, 44.6371, 41.8709, 42.3582, 
24.8901, 30.173, 25.4446, 28.4496, 28.5524, 32.0491, 30.9827, 33.6384, 34.3684, 26.9969, 32.0072, 27.862, 26.6458, 32.276, 24.0782, 32.8353, 29.3647, 27.4438, 28.3405, 27.4574, 32.9774, 25.0521, 25.337, 33.5602, 27.4581, 27.1449, 26.85, 28.2355, 26.1662, 33.392, 28.9391, 47.0293, 46.2115, 46.9963, 43.508, 45.7125, 44.7224, 46.1854, 42.3381, 46.1395, 46.2255, 40.6794, 39.78, 44.8848, 46.621, 43.7926, 46.9889, 41.6988, 49.2965, 43.4651, 39.6567, 44.2913, 40.2457, 48.3267, 49.9494, 40.7087, 48.38, 46.6415, 50.519, 
27.1761, 24.4825, 35.3978, 30.8038, 24.6379, 35.805, 27.2752, 35.1936, 31.0973, 30.3261, 24.3169, 35.3416, 28.9358, 29.3911, 26.937, 35.2072, 32.7901, 35.8876, 24.4546, 30.7616, 24.5765, 32.1343, 27.0075, 30.0712, 27.1059, 31.2787, 33.1842, 25.5548, 32.3873, 35.184, 25.5071, 27.0876, 24.1498, 53.8965, 51.0928, 49.3283, 46.6212, 43.9089, 50.6745, 45.8614, 45.9256, 46.7842, 52.963, 50.6481, 43.9155, 54.3287, 54.4833, 43.9687, 51.8147, 50.3389, 45.4251, 44.001, 54.8597, 50.0396, 49.264, 43.6151, 46.9964, 51.6462, 52.9796, 
32.1218, 24.5578, 26.792, 32.8544, 31.9481, 26.6745, 25.1744, 31.0543, 34.6747, 34.2465, 28.2671, 25.9694, 33.1419, 29.6298, 31.9, 26.9436, 26.8673, 33.9021, 28.2638, 29.5149, 34.6967, 28.2968, 26.5162, 33.3112, 30.5828, 34.067, 31.2989, 29.798, 29.9827, 29.2619, 29.1697, 26.4262, 30.9489, 43.9146, 46.1792, 54.5889, 44.5914, 44.9105, 54.8254, 52.4352, 44.3042, 52.6904, 50.7059, 43.6311, 48.7733, 48.5441, 48.6411, 53.5001, 43.421, 54.4699, 53.8534, 51.2667, 51.5777, 45.0195, 51.1782, 50.118, 52.3955, 44.6442, 51.4492, 
36.0272, 34.7133, 25.8111, 35.0614, 29.0977, 31.2559, 25.3683, 30.6904, 29.3445, 26.6477, 33.8066, 24.3793, 30.8648, 27.7196, 33.1757, 32.2657, 32.2107, 24.2739, 31.5137, 31.7208, 30.6265, 25.9235, 26.0278, 31.2001, 30.5982, 31.9294, 34.9218, 43.3703, 45.4605, 37.6178, 47.2647, 37.5426, 46.2515, 48.1188, 40.6213, 45.1506, 42.0832, 47.5445, 37.1379, 48.1185, 40.7043, 37.7809, 46.015, 40.448, 37.4111, 46.8798, 43.5503, 38.2326, 46.6793, 41.6914, 44.2171, 42.4082, 46.9522, 40.8512, 39.9644, 47.8739, 39.0155, 43.4416, 47.2753, 
30.3301, 24.4719, 33.6891, 33.5022, 34.7404, 26.4497, 30.5666, 33.5191, 29.3956, 26.0542, 33.5947, 28.8991, 35.9941, 33.7071, 31.6305, 34.819, 33.6891, 31.8831, 34.6692, 34.7158, 25.8769, 34.9589, 28.1672, 28.5847, 29.1708, 33.5484, 46.3479, 41.4863, 41.6651, 41.3794, 44.0381, 41.0405, 46.067, 40.06, 45.3597, 42.1891, 47.7037, 42.8641, 41.1837, 44.1005, 43.4821, 45.7523, 41.4723, 41.4037, 42.1399, 38.6157, 46.2877, 46.494, 46.9681, 40.5668, 37.6881, 37.1252, 46.0754, 40.3967, 39.5272, 37.232, 48.1785, 41.1279, 45.4721, 
32.8617, 35.7793, 31.8504, 25.3539, 32.9183, 35.7459, 35.6089, 27.0046, 25.7806, 26.1369, 29.5799, 28.0376, 29.5869, 30.5016, 28.1029, 25.2779, 24.585, 33.482, 30.3492, 35.5762, 31.4391, 30.1781, 30.1542, 25.7054, 34.255, 35.9633, 40.6107, 44.1867, 49.4177, 49.4831, 45.7415, 50.7235, 50.9993, 45.1124, 46.3826, 48.0711, 43.2102, 49.182, 51.0085, 46.7003, 49.4056, 49.9421, 46.2714, 45.9291, 43.3869, 48.2731, 52.0991, 44.6185, 51.1848, 48.6502, 42.0061, 47.0969, 50.5616, 43.2686, 52.3837, 43.6303, 43.1328, 43.8558, 40.4403, 
29.126, 28.2653, 32.4141, 35.238, 35.3552, 32.5456, 32.5742, 26.7993, 27.5077, 25.8706, 26.9859, 36.0084, 35.075, 28.4702, 31.958, 29.6203, 32.5301, 29.4312, 35.863, 25.2037, 25.131, 41.3258, 44.0285, 50.9242, 41.4135, 42.3331, 50.5125, 46.4088, 48.2446, 48.0239, 45.0659, 46.1323, 44.142, 46.9501, 40.6057, 45.5429, 42.437, 42.2034, 49.0131, 47.8065, 43.5555, 44.8503, 42.1722, 43.8071, 48.3874, 41.3456, 51.2286, 46.7915, 40.0908, 43.6069, 41.9405, 40.6409, 44.5121, 47.6397, 40.3042, 43.7057, 48.4873, 45.4893, 50.0711, 
25.4781, 24.1241, 24.3562, 29.2685, 33.3975, 31.8119, 24.5835, 26.9884, 32.7428, 32.9715, 33.2249, 31.8482, 25.1997, 25.113, 31.9977, 25.5427, 26.4431, 24.7917, 27.1772, 31.9984, 48.4216, 37.6878, 38.2427, 44.3191, 41.8514, 47.4658, 37.888, 45.1464, 44.7091, 45.081, 44.0774, 48.8605, 40.919, 40.4372, 39.7997, 38.3198, 39.7468, 41.9589, 41.5242, 49.4583, 44.3734, 38.0646, 47.9971, 43.6236, 39.2937, 42.4911, 38.1333, 41.7493, 46.5518, 41.4019, 46.9579, 48.4485, 42.1176, 47.2234, 41.7136, 46.1596, 47.1397, 48.9952, 48.2351, 
31.6995, 31.7017, 33.4405, 32.196, 26.4747, 34.5348, 35.758, 27.7871, 35.3831, 34.8884, 31.4138, 33.3931, 32.5008, 26.7582, 31.0495, 33.1944, 35.0217, 31.3047, 35.7227, 28.9354, 28.9766, 26.3994, 33.19, 34.5315, 46.2239, 44.6408, 38.8571, 41.5496, 41.7412, 45.2603, 37.9963, 45.2978, 38.5872, 43.8252, 46.9095, 40.8585, 45.0991, 44.9177, 41.2789, 42.6461, 43.2351, 45.1127, 41.5855, 36.8187, 46.0432, 36.5528, 43.7231, 40.5151, 41.782, 37.7117, 36.5062, 44.831, 46.1718, 40.424, 41.7581, 46.4655, 45.058, 45.0213, 46.5041, 
24.0118, 28.577, 29.884, 31.2416, 34.9487, 31.9286, 24.6452, 29.5245, 29.155, 31.2151, 29.2957, 31.0088, 29.8428, 27.8518, 24.9742, 33.8319, 31.4204, 30.0441, 30.8336, 35.7492, 25.3962, 30.7186, 27.3468, 31.0693, 35.1499, 31.0745, 31.557, 33.0879, 26.063, 46.6405, 43.0571, 49.8867, 50.5782, 46.9548, 50.974, 51.8502, 51.3332, 50.1617, 44.9858, 46.9085, 50.5741, 51.2693, 44.5389, 53.557, 45.0912, 53.4953, 53.1953, 51.552, 46.0797, 45.5179, 44.1492, 44.9094, 48.0756, 42.0183, 44.667, 44.7405, 45.862, 52.52, 50.5822, 
35.0665, 24.1087, 27.9304, 27.4214, 26.1324, 26.5022, 29.603, 32.5312, 26.7909, 29.9842, 35.054, 28.1125, 29.9317, 34.0108, 33.3237, 30.6702, 29.1484, 30.7543, 26.7479, 30.4513, 31.8501, 33.4607, 31.6257, 33.0681, 32.1563, 32.9124, 29.8333, 31.6742, 35.7132, 26.7721, 46.4751, 53.1849, 49.7852, 51.716, 47.2448, 48.9347, 48.1724, 51.9151, 47.3366, 50.1877, 53.1063, 55.4283, 53.2253, 45.8688, 54.717, 46.68, 48.6582, 51.0646, 54.6127, 54.7159, 55.461, 52.4531, 50.6023, 50.1337, 47.153, 46.3561, 44.3742, 49.8957, 45.1487, 
27.2392, 27.7724, 34.5241, 32.3587, 29.6328, 32.6164, 35.5531, 32.2492, 28.4808, 30.1968, 31.2236, 35.2773, 27.0218, 30.336, 35.7422, 30.2508, 30.7293, 34.7382, 31.7333, 27.8709, 29.5054, 25.7347, 29.5751, 34.6325, 29.3456, 35.2406, 30.5002, 26.6583, 24.0496, 32.5797, 27.692, 26.1163, 32.1963, 25.6389, 29.2226, 27.9065, 49.2404, 49.2224, 51.9417, 55.1479, 43.608, 53.6669, 49.7618, 46.6768, 46.6721, 48.9349, 45.8058, 55.1155, 48.8717, 52.505, 51.335, 54.1347, 52.6776, 51.8704, 52.9691, 50.063, 50.2961, 54.8838, 43.6561, 
27.0784, 35.7051, 35.2744, 32.3616, 35.8245, 28.754, 35.4242, 30.6882, 29.9721, 26.3083, 32.0024, 32.828, 24.7322, 35.881, 29.5531, 34.1569, 25.0062, 27.5672, 25.0088, 27.4089, 35.816, 30.6063, 32.3744, 32.4086, 51.9483, 48.116, 47.7043, 48.7024, 52.0294, 48.3668, 42.7685, 48.0686, 51.8642, 43.8033, 45.2417, 45.1811, 50.0545, 47.206, 45.1786, 50.8708, 53.0797, 48.5669, 50.3295, 42.5247, 48.6418, 42.4105, 41.7785, 44.5356, 42.5831, 44.8951, 44.4786, 44.5414, 46.9423, 52.9298, 46.8366, 49.6675, 45.097, 47.9749, 50.9891, 
30.9214, 30.4733, 24.9228, 30.6632, 26.6403, 27.6402, 26.4196, 28.7801, 31.5449, 30.0382, 31.5552, 26.0447, 33.2521, 34.0949, 34.8363, 33.4203, 33.475, 33.1482, 30.7315, 29.7407, 34.5172, 29.3882, 27.4842, 24.0525, 34.2517, 32.3755, 45.8833, 50.1706, 51.3622, 46.3736, 45.6211, 52.6313, 42.2699, 44.7721, 46.5553, 44.1651, 52.2502, 50.0167, 42.7054, 52.8014, 45.1654, 44.7196, 48.4961, 46.1995, 43.1163, 48.9551, 51.4199, 45.0857, 52.3702, 49.1674, 46.321, 51.9817, 50.0435, 45.6457, 50.9043, 48.3055, 42.441, 41.4569, 44.1765, 
24.0228, 24.748, 32.1244, 29.9354, 29.4396, 32.2253, 25.4905, 30.2923, 27.5191, 26.4582, 35.3776, 28.5374, 28.3372, 28.1551, 33.3681, 26.8485, 27.9032, 35.6387, 35.3592, 35.1932, 33.9267, 42.9868, 51.3531, 51.6884, 44.716, 47.0045, 43.1627, 41.7577, 42.1943, 41.5418, 43.4733, 49.9739, 47.19, 43.1256, 45.5316, 46.3303, 41.8043, 50.1575, 45.5371, 49.9694, 47.678, 43.2919, 43.011, 51.3557, 48.112, 46.0967, 40.818, 43.8046, 51.4145, 50.8346, 40.696, 44.413, 41.6464, 41.3787, 48.209, 50.6183, 50.2875, 50.4659, 46.8925, 
29.7848, 26.0906, 28.0273, 31.4112, 30.3591, 34.5532, 24.0925, 27.3876, 28.5473, 25.0657, 26.3719, 35.1995, 32.5401, 29.5377, 28.4019, 29.0471, 32.6877, 31.2107, 31.0627, 28.129, 32.2272, 24.4014, 33.3153, 35.6879, 27.0747, 34.5025, 33.8624, 29.5072, 35.8472, 35.447, 27.5756, 28.2943, 52.7014, 50.8601, 52.7752, 53.9022, 47.7843, 50.7937, 44.1481, 49.5058, 45.3192, 51.5891, 53.7836, 43.9707, 42.128, 53.8317, 52.6224, 43.9399, 49.3086, 45.455, 43.2613, 52.181, 44.9336, 42.8713, 46.3654, 43.674, 47.2882, 47.2346, 52.8831, 
28.1088, 29.5571, 32.1706, 30.0073, 30.0584, 35.4896, 25.586, 32.8786, 33.8558, 29.3816, 32.8775, 29.6475, 30.9786, 29.8715, 24.928, 33.2888, 31.1582, 24.2468, 32.5481, 27.4981, 29.4011, 26.7648, 33.1823, 25.3066, 24.1752, 46.0895, 47.833, 48.2792, 42.9483, 49.8557, 41.3663, 45.1237, 48.0034, 47.5723, 46.7248, 42.3824, 49.8083, 44.8945, 47.9839, 42.5946, 50.1032, 38.6026, 42.7749, 46.8331, 45.7259, 44.0426, 45.7006, 39.9437, 50.3209, 49.5457, 46.0858, 40.5848, 41.9979, 48.6152, 45.2827, 44.9636, 49.39, 41.9612, 40.0392, 
33.2392, 28.3997, 34.7533, 31.864, 35.0423, 27.2099, 35.7463, 30.4304, 29.1844, 31.6642, 24.0665, 29.0445, 32.1802, 32.5782, 32.5364, 27.7434, 31.1865, 28.4647, 35.2604, 32.8423, 34.8554, 24.8857, 35.2971, 30.0716, 35.0952, 24.3397, 24.3125, 28.9057, 32.0212, 31.1145, 29.6849, 25.0293, 27.7262, 47.1507, 43.101, 52.5257, 50.6331, 48.8884, 47.7364, 42.0005, 45.4839, 49.6926, 42.5568, 49.509, 47.9226, 49.108, 43.9739, 46.8536, 49.3372, 45.7391, 47.6274, 42.6806, 43.1165, 43.5597, 47.0523, 46.0259, 51.2746, 51.7641, 47.6696, 
33.1287, 26.6333, 34.6758, 35.0963, 31.6554, 32.6719, 26.8639, 30.278, 26.6421, 33.7519, 29.8986, 24.9353, 35.8281, 25.4277, 25.1134, 32.7002, 31.1079, 35.5935, 31.911, 29.0482, 27.1177, 49.5392, 44.4708, 39.5633, 45.7318, 48.9802, 39.8442, 42.2939, 40.8349, 47.9829, 47.1522, 39.4094, 40.8074, 49.1253, 43.2946, 44.0232, 48.5256, 43.4789, 49.9405, 48.5961, 40.5485, 40.9969, 43.8634, 48.7577, 41.5554, 47.2492, 40.2757, 41.4875, 47.0777, 50.0511, 50.2141, 40.1438, 40.0781, 49.4532, 40.2066, 46.5584, 40.0741, 50.2457, 40.4942, 
29.4058, 35.8733, 34.8102, 29.3203, 35.0893, 33.7581, 32.1927, 28.7426, 35.7224, 30.1043, 27.4757, 32.4181, 24.0885, 30.564, 33.652, 25.8409, 24.4399, 26.1938, 24.4902, 24.2795, 30.8362, 29.5322, 32.3689, 27.4541, 24.285, 30.6999, 28.7893, 24.5347, 48.4173, 50.2948, 51.6249, 48.7382, 42.2627, 52.33, 52.0568, 47.7856, 44.3951, 47.1922, 42.3747, 47.6053, 49.0687, 42.7951, 44.8607, 41.8246, 44.3844, 41.5396, 49.9236, 48.3445, 51.3818, 50.8894, 46.0325, 51.1148, 47.5227, 43.6809, 44.0393, 42.992, 44.1858, 46.0189, 43.6126, 
25.6305, 26.2033, 32.8232, 25.1703, 26.1916, 26.8426, 25.5607, 34.06, 28.7437, 32.1343, 29.996, 35.0555, 33.9256, 31.4024, 26.2213, 33.1001, 28.7929, 27.7394, 33.9689, 32.3902, 33.1959, 26.7251, 27.6212, 34.1316, 35.8135, 31.282, 25.3492, 29.3383, 29.2964, 43.4536, 50.8402, 50.6357, 50.5494, 43.9247, 45.2173, 40.2959, 42.0387, 46.1178, 41.0872, 43.4822, 41.598, 39.4733, 50.8163, 50.9485, 47.5466, 51.1101, 41.1379, 48.306, 42.5161, 43.9945, 47.6245, 41.1115, 40.0179, 49.4918, 43.2608, 47.5492, 47.7387, 44.3349, 44.3158, 
30.5861, 24.3334, 35.0493, 30.1245, 32.1545, 31.9999, 33.3369, 24.8196, 27.4328, 35.3375, 33.3612, 25.868, 35.5171, 29.8729, 28.4782, 35.1818, 26.5199, 27.3189, 30.8876, 24.5574, 29.7797, 27.2569, 25.7292, 32.7773, 24.5618, 27.6667, 25.2261, 34.7632, 33.2734, 29.5586, 32.2298, 34.3993, 24.9955, 33.0722, 29.3574, 49.9193, 42.7706, 45.9089, 49.1793, 49.8146, 45.5417, 44.7268, 47.9951, 41.6359, 50.6761, 46.752, 51.7976, 42.7332, 51.9122, 47.7193, 52.2823, 51.0709, 45.9629, 43.5598, 49.3016, 50.0107, 43.7335, 52.398, 46.5361, 
28.01, 27.9612, 26.655, 29.1425, 25.2864, 34.1151, 33.7284, 29.2979, 27.7453, 33.4049, 29.7003, 30.3632, 25.7601, 35.0001, 28.1499, 30.7855, 32.7857, 26.2959, 25.7215, 25.7605, 29.6331, 43.7712, 49.5215, 46.7979, 45.578, 41.0241, 50.1076, 46.0318, 50.657, 48.3016, 48.6508, 50.4043, 46.6734, 41.5228, 51.0297, 42.8279, 41.1353, 51.2104, 41.171, 43.5821, 51.0014, 51.8082, 49.873, 43.7352, 51.2273, 51.3554, 43.7169, 45.098, 48.9354, 44.9658, 42.0684, 41.6366, 44.4208, 43.0658, 45.8978, 48.0038, 43.3188, 42.4085, 42.0156, 
35.0357, 35.913, 30.9581, 31.2577, 24.3393, 25.777, 29.0941, 32.9106, 32.63, 29.0548, 31.9444, 31.8321, 33.3083, 35.2788, 34.8653, 35.7775, 27.6513, 33.1731, 27.8349, 31.8787, 32.6462, 30.6089, 33.3582, 41.8695, 45.0662, 45.4426, 47.0998, 50.0236, 47.0084, 52.7411, 45.7356, 41.4314, 48.3476, 44.7831, 48.456, 51.2564, 41.1799, 47.3319, 50.0332, 41.4377, 42.2074, 44.0123, 52.5497, 44.5825, 47.6228, 46.9801, 47.4153, 44.941, 42.7281, 51.5212, 44.7845, 42.0649, 41.0976, 46.4142, 43.9671, 50.8418, 49.8716, 41.3367, 48.9789, 
24.8027, 32.7975, 32.0858, 32.5511, 30.2582, 27.4614, 35.801, 31.9856, 30.9819, 32.182, 25.1479, 29.0004, 25.4968, 28.6229, 33.1897, 32.3587, 30.6687, 35.2641, 31.8963, 25.8736, 28.8822, 32.7365, 25.2783, 33.4522, 27.1078, 50.2946, 45.9834, 42.3803, 49.7012, 47.0814, 48.4938, 47.2349, 49.0523, 46.6037, 47.5419, 50.1249, 49.6064, 49.4408, 49.3376, 50.6908, 39.7594, 50.248, 39.9812, 42.056, 47.4766, 45.393, 48.2822, 46.4957, 46.8336, 44.0996, 41.6403, 50.2535, 46.7671, 50.3758, 41.929, 48.4669, 42.0329, 49.194, 48.1229, 
34.837, 30.9834, 35.2692, 34.6413, 34.638, 26.1563, 29.2891, 31.6385, 28.5664, 34.5436, 30.3433, 31.8284, 24.6386, 24.2765, 31.1509, 34.8029, 24.6467, 30.3837, 28.0203, 30.2328, 33.544, 25.8596, 24.0874, 45.9048, 45.5728, 39.3741, 47.0902, 39.6565, 47.5466, 47.1265, 44.5989, 40.1317, 45.6121, 46.7711, 39.0661, 43.4628, 42.259, 40.1284, 39.2746, 46.738, 42.0927, 43.823, 42.4122, 43.5718, 42.5601, 40.3961, 49.8586, 44.4238, 46.6943, 43.8575, 40.5081, 43.8274, 42.6046, 48.4044, 41.8812, 43.2002, 44.8472, 44.1924, 48.2157, 
27.3399, 24.9283, 26.0417, 26.348, 28.562, 24.4546, 35.4881, 29.4209, 35.4022, 33.9953, 30.9239, 25.2974, 34.403, 24.8578, 34.8855, 34.7202, 29.1943, 35.2516, 32.1137, 27.9586, 28.6457, 32.8643, 34.3824, 26.6429, 31.6554, 28.176, 30.8446, 31.6161, 28.508, 29.7723, 27.3351, 32.8768, 32.7174, 28.541, 53.8941, 45.5553, 49.6873, 53.9679, 50.8095, 50.6424, 51.9335, 51.888, 52.0268, 47.2265, 45.7944, 46.163, 48.6789, 48.7332, 48.579, 46.7517, 47.8401, 49.4309, 49.0516, 46.3099, 44.2869, 44.4786, 45.0533, 47.2071, 49.2477, 
